 2015 |    11 |     1 | 265.276620 | 265.532560 | -27.776670 | -27.551500 | 
 2015 |    11 |     2 | 265.776980 | 266.032510 | -27.777490 | -27.552780 | 
 2015 |    11 |     3 | 265.778640 | 266.032260 | -27.338530 | -27.113690 | 
 2015 |    11 |     4 | 265.280230 | 265.534070 | -27.336310 | -27.110450 | 
 2015 |    12 |     1 | 265.276430 | 265.532920 | -27.996880 | -27.770880 | 
 2015 |    12 |     2 | 265.777800 | 266.033680 | -27.997760 | -27.772240 | 
 2015 |    12 |     3 | 265.779650 | 266.033570 | -27.558860 | -27.333120 | 
 2015 |    12 |     4 | 265.280280 | 265.534310 | -27.556620 | -27.329810 | 
 2015 |    13 |     1 | 265.028630 | 265.285280 | -27.996500 | -27.771320 | 
 2015 |    13 |     2 | 265.529890 | 265.786130 | -27.997350 | -27.772660 | 
 2015 |    13 |     3 | 265.531660 | 265.785990 | -27.558480 | -27.333580 | 
 2015 |    13 |     4 | 265.032320 | 265.286840 | -27.556130 | -27.330350 | 
 2015 |    14 |     1 | 265.029620 | 265.285610 | -27.776400 | -27.550830 | 
 2015 |    14 |     2 | 265.529780 | 265.785530 | -27.777400 | -27.552250 | 
 2015 |    14 |     3 | 265.531500 | 265.785300 | -27.338580 | -27.113090 | 
 2015 |    14 |     4 | 265.033110 | 265.287120 | -27.336060 | -27.109850 | 
 2015 |    21 |     1 | 264.275670 | 264.533190 | -27.776940 | -27.551630 | 
 2015 |    21 |     2 | 264.775830 | 265.032960 | -27.778380 | -27.553020 | 
 2015 |    21 |     3 | 264.778540 | 265.032950 | -27.339460 | -27.113730 | 
 2015 |    21 |     4 | 264.280100 | 264.534730 | -27.336540 | -27.110680 | 
 2015 |    22 |     1 | 264.275950 | 264.532900 | -27.995890 | -27.770870 | 
 2015 |    22 |     2 | 264.777310 | 265.033880 | -27.996760 | -27.772190 | 
 2015 |    22 |     3 | 264.779030 | 265.033740 | -27.557740 | -27.333100 | 
 2015 |    22 |     4 | 264.279550 | 264.534430 | -27.555570 | -27.330020 | 
 2015 |    23 |     1 | 264.028610 | 264.285700 | -27.996550 | -27.771080 | 
 2015 |    23 |     2 | 264.529950 | 264.786430 | -27.997490 | -27.772420 | 
 2015 |    23 |     3 | 264.531750 | 264.786570 | -27.558580 | -27.333230 | 
 2015 |    23 |     4 | 264.032250 | 264.287260 | -27.556320 | -27.330080 | 
 2015 |    24 |     1 | 264.029540 | 264.285750 | -27.777150 | -27.550380 | 
 2015 |    24 |     2 | 264.529620 | 264.785560 | -27.777990 | -27.551780 | 
 2015 |    24 |     3 | 264.531340 | 264.785530 | -27.339110 | -27.112590 | 
 2015 |    24 |     4 | 264.032980 | 264.287310 | -27.336810 | -27.109550 | 
 2015 |    31 |     1 | 263.923890 | 264.182910 | -28.972110 | -28.746070 | 
 2015 |    31 |     2 | 264.429650 | 264.688440 | -28.972930 | -28.747470 | 
 2015 |    31 |     3 | 264.431380 | 264.688350 | -28.534020 | -28.308400 | 
 2015 |    31 |     4 | 263.927580 | 264.184670 | -28.531870 | -28.305460 | 
 2015 |    32 |     1 | 263.922580 | 264.184100 | -29.191910 | -28.965910 | 
 2015 |    32 |     2 | 264.429600 | 264.690920 | -29.192830 | -28.967460 | 
 2015 |    32 |     3 | 264.432000 | 264.690490 | -28.753810 | -28.528400 | 
 2015 |    32 |     4 | 263.926900 | 264.185760 | -28.751640 | -28.525210 | 
 2015 |    33 |     1 | 263.672980 | 263.932930 | -29.192890 | -28.966150 | 
 2015 |    33 |     2 | 264.179720 | 264.439520 | -29.193820 | -28.967550 | 
 2015 |    33 |     3 | 264.181530 | 264.439320 | -28.754900 | -28.528320 | 
 2015 |    33 |     4 | 263.676500 | 263.934520 | -28.752620 | -28.525220 | 
 2015 |    34 |     1 | 263.673610 | 263.933130 | -28.972170 | -28.746350 | 
 2015 |    34 |     2 | 264.179610 | 264.438780 | -28.972960 | -28.747660 | 
 2015 |    34 |     3 | 264.181420 | 264.438420 | -28.534190 | -28.308490 | 
 2015 |    34 |     4 | 263.677430 | 263.934680 | -28.531990 | -28.305230 | 
 2015 |    41 |     1 | 263.341440 | 263.603340 | -30.022460 | -29.795700 | 
 2015 |    41 |     2 | 263.852690 | 264.114040 | -30.023380 | -29.797110 | 
 2015 |    41 |     3 | 263.854550 | 264.113940 | -29.584540 | -29.357890 | 
 2015 |    41 |     4 | 263.345510 | 263.605140 | -29.582310 | -29.354800 | 
 2015 |    42 |     1 | 263.339970 | 263.603470 | -30.241730 | -30.015980 | 
 2015 |    42 |     2 | 263.852420 | 264.115330 | -30.242450 | -30.017430 | 
 2015 |    42 |     3 | 263.854360 | 264.115000 | -29.803690 | -29.578300 | 
 2015 |    42 |     4 | 263.344120 | 263.604980 | -29.801360 | -29.574930 | 
 2015 |    43 |     1 | 263.086670 | 263.350430 | -30.242220 | -30.016050 | 
 2015 |    43 |     2 | 263.599160 | 263.862390 | -30.242630 | -30.017510 | 
 2015 |    43 |     3 | 263.601100 | 263.862060 | -29.803730 | -29.578320 | 
 2015 |    43 |     4 | 263.090910 | 263.352040 | -29.801960 | -29.575110 | 
 2015 |    44 |     1 | 263.088340 | 263.351170 | -30.022560 | -29.795920 | 
 2015 |    44 |     2 | 263.599730 | 263.861850 | -30.023230 | -29.797580 | 
 2015 |    44 |     3 | 263.601530 | 263.861740 | -29.584270 | -29.358560 | 
 2015 |    44 |     4 | 263.092270 | 263.352910 | -29.582240 | -29.355090 | 
 2015 |     5 |     1 | 263.262590 | 263.519950 | -27.772880 | -27.546460 | 
 2015 |     5 |     2 | 263.763000 | 264.019840 | -27.773770 | -27.547840 | 
 2015 |     5 |     3 | 263.764970 | 264.019790 | -27.334840 | -27.108660 | 
 2015 |     5 |     4 | 263.266470 | 263.521570 | -27.332620 | -27.105660 | 
 2015 |     6 |     1 | 263.263850 | 263.519350 | -27.551640 | -27.325480 | 
 2015 |     6 |     2 | 263.763460 | 264.018270 | -27.552530 | -27.326910 | 
 2015 |     6 |     3 | 263.765290 | 264.018370 | -27.113570 | -26.887740 | 
 2015 |     6 |     4 | 263.267870 | 263.521160 | -27.111310 | -26.884560 | 
 2016 |    11 |     1 | 270.565160 | 270.824730 | -28.762480 | -28.536330 | 
 2016 |    11 |     2 | 271.070780 | 271.328910 | -28.764420 | -28.539040 | 
 2016 |    11 |     3 | 271.073300 | 271.330250 | -28.325260 | -28.099880 | 
 2016 |    11 |     4 | 270.570240 | 270.827490 | -28.322240 | -28.095240 | 
 2016 |    12 |     1 | 270.816560 | 271.076170 | -28.764260 | -28.536290 | 
 2016 |    12 |     2 | 271.322000 | 271.580040 | -28.766020 | -28.538930 | 
 2016 |    12 |     3 | 271.324370 | 271.581520 | -28.326920 | -28.100090 | 
 2016 |    12 |     4 | 270.821370 | 271.078730 | -28.323840 | -28.095390 | 
 2016 |    13 |     1 | 270.816320 | 271.076920 | -28.541780 | -28.313310 | 
 2016 |    13 |     2 | 271.320960 | 271.579990 | -28.543860 | -28.316150 | 
 2016 |    13 |     3 | 271.323430 | 271.581330 | -28.104780 | -27.877060 | 
 2016 |    13 |     4 | 270.821370 | 271.079690 | -28.101480 | -27.872420 | 
 2016 |    14 |     1 | 270.566300 | 270.825880 | -28.542580 | -28.315790 | 
 2016 |    14 |     2 | 271.070840 | 271.328580 | -28.544330 | -28.318570 | 
 2016 |    14 |     3 | 271.073270 | 271.329920 | -28.105290 | -27.879430 | 
 2016 |    14 |     4 | 270.571390 | 270.828390 | -28.102260 | -27.874850 | 
 2016 |    21 |     1 | 270.568760 | 270.825740 | -27.879300 | -27.653090 | 
 2016 |    21 |     2 | 271.070260 | 271.325710 | -27.881180 | -27.655720 | 
 2016 |    21 |     3 | 271.072670 | 271.327710 | -27.442070 | -27.216690 | 
 2016 |    21 |     4 | 270.573710 | 270.828890 | -27.438860 | -27.212180 | 
 2016 |    22 |     1 | 270.820180 | 271.078000 | -27.879460 | -27.653060 | 
 2016 |    22 |     2 | 271.321620 | 271.577880 | -27.881230 | -27.655830 | 
 2016 |    22 |     3 | 271.324100 | 271.579440 | -27.442120 | -27.216710 | 
 2016 |    22 |     4 | 270.825190 | 271.080620 | -27.439210 | -27.212140 | 
 2016 |    23 |     1 | 270.821210 | 271.076880 | -27.658220 | -27.431720 | 
 2016 |    23 |     2 | 271.321620 | 271.575860 | -27.659850 | -27.434690 | 
 2016 |    23 |     3 | 271.322900 | 271.577340 | -27.220770 | -26.995560 | 
 2016 |    23 |     4 | 270.825060 | 271.079440 | -27.217860 | -26.990910 | 
 2016 |    24 |     1 | 270.569720 | 270.829080 | -27.659620 | -27.432340 | 
 2016 |    24 |     2 | 271.070040 | 271.327790 | -27.661420 | -27.435070 | 
 2016 |    24 |     3 | 271.072670 | 271.329700 | -27.222290 | -26.995890 | 
 2016 |    24 |     4 | 270.574770 | 270.832030 | -27.219160 | -26.991360 | 
 2016 |    31 |     1 | 269.548890 | 269.807060 | -29.045620 | -28.819670 | 
 2016 |    31 |     2 | 270.055820 | 270.312470 | -29.047300 | -28.822400 | 
 2016 |    31 |     3 | 270.058230 | 270.313780 | -28.608250 | -28.383460 | 
 2016 |    31 |     4 | 269.553910 | 269.809740 | -28.605340 | -28.378850 | 
 2016 |    32 |     1 | 269.797720 | 270.058690 | -29.045870 | -28.819490 | 
 2016 |    32 |     2 | 270.304350 | 270.564280 | -29.047620 | -28.822300 | 
 2016 |    32 |     3 | 270.306730 | 270.565540 | -28.608600 | -28.383160 | 
 2016 |    32 |     4 | 269.802390 | 270.061360 | -28.605750 | -28.378630 | 
 2016 |    33 |     1 | 269.797440 | 270.061550 | -28.824690 | -28.595790 | 
 2016 |    33 |     2 | 270.303340 | 270.565880 | -28.826340 | -28.598520 | 
 2016 |    33 |     3 | 270.304980 | 270.567480 | -28.387280 | -28.159550 | 
 2016 |    33 |     4 | 269.801600 | 270.064260 | -28.384210 | -28.154920 | 
 2016 |    34 |     1 | 269.549350 | 269.807700 | -28.825100 | -28.599240 | 
 2016 |    34 |     2 | 270.055530 | 270.312090 | -28.826780 | -28.601950 | 
 2016 |    34 |     3 | 270.057950 | 270.313480 | -28.387770 | -28.162790 | 
 2016 |    34 |     4 | 269.554670 | 269.810310 | -28.384700 | -28.158230 | 
 2016 |    41 |     1 | 269.552050 | 269.808000 | -28.162900 | -27.936420 | 
 2016 |    41 |     2 | 270.054860 | 270.309380 | -28.164660 | -27.939170 | 
 2016 |    41 |     3 | 270.057400 | 270.310880 | -27.725540 | -27.500140 | 
 2016 |    41 |     4 | 269.557100 | 269.810800 | -27.722560 | -27.495330 | 
 2016 |    42 |     1 | 269.801680 | 270.059480 | -28.165120 | -27.936200 | 
 2016 |    42 |     2 | 270.304080 | 270.560680 | -28.166860 | -27.938950 | 
 2016 |    42 |     3 | 270.306870 | 270.562070 | -27.727860 | -27.499850 | 
 2016 |    42 |     4 | 269.806680 | 270.062160 | -27.724950 | -27.495210 | 
 2016 |    43 |     1 | 269.800970 | 270.059890 | -27.942720 | -27.715280 | 
 2016 |    43 |     2 | 270.302580 | 270.560180 | -27.944510 | -27.718000 | 
 2016 |    43 |     3 | 270.305250 | 270.561610 | -27.505430 | -27.278960 | 
 2016 |    43 |     4 | 269.805940 | 270.062650 | -27.502480 | -27.274220 | 
 2016 |    44 |     1 | 269.551450 | 269.808830 | -27.941950 | -27.715140 | 
 2016 |    44 |     2 | 270.053110 | 270.309080 | -27.943570 | -27.717810 | 
 2016 |    44 |     3 | 270.055710 | 270.310810 | -27.504490 | -27.278680 | 
 2016 |    44 |     4 | 269.556450 | 269.811680 | -27.501510 | -27.274130 | 
 2016 |    51 |     1 | 268.544380 | 268.807370 | -29.231180 | -29.003970 | 
 2016 |    51 |     2 | 269.052160 | 269.313650 | -29.232770 | -29.006750 | 
 2016 |    51 |     3 | 269.054620 | 269.315070 | -28.793720 | -28.567670 | 
 2016 |    51 |     4 | 268.549490 | 268.809960 | -28.790800 | -28.562960 | 
 2016 |    52 |     1 | 268.797560 | 269.058040 | -29.181220 | -28.953600 | 
 2016 |    52 |     2 | 269.305430 | 269.564230 | -29.182900 | -28.956440 | 
 2016 |    52 |     3 | 269.307880 | 269.565930 | -28.743830 | -28.517300 | 
 2016 |    52 |     4 | 268.802970 | 269.060990 | -28.740880 | -28.512630 | 
 2016 |    53 |     1 | 268.796660 | 269.061250 | -28.960880 | -28.730340 | 
 2016 |    53 |     2 | 269.303180 | 269.566200 | -28.962620 | -28.732950 | 
 2016 |    53 |     3 | 269.305780 | 269.568090 | -28.523560 | -28.293820 | 
 2016 |    53 |     4 | 268.801690 | 269.064220 | -28.520570 | -28.289130 | 
 2016 |    54 |     1 | 268.547080 | 268.807260 | -29.010310 | -28.783650 | 
 2016 |    54 |     2 | 269.054130 | 269.312530 | -29.011980 | -28.786530 | 
 2016 |    54 |     3 | 269.056720 | 269.314060 | -28.572920 | -28.347430 | 
 2016 |    54 |     4 | 268.552330 | 268.810130 | -28.570030 | -28.342670 | 
 2016 |    61 |     1 | 268.551430 | 268.809390 | -28.347730 | -28.121080 | 
 2016 |    61 |     2 | 269.055060 | 269.311300 | -28.349390 | -28.123840 | 
 2016 |    61 |     3 | 269.057600 | 269.312800 | -27.910260 | -27.684810 | 
 2016 |    61 |     4 | 268.556510 | 268.812010 | -27.907270 | -27.680060 | 
 2016 |    62 |     1 | 268.802560 | 269.058990 | -28.297690 | -28.071310 | 
 2016 |    62 |     2 | 269.305730 | 269.560900 | -28.299410 | -28.074100 | 
 2016 |    62 |     3 | 269.308100 | 269.562520 | -27.860390 | -27.635050 | 
 2016 |    62 |     4 | 268.807260 | 269.061790 | -27.857440 | -27.630320 | 
 2016 |    63 |     1 | 268.803190 | 269.060380 | -28.075650 | -27.849570 | 
 2016 |    63 |     2 | 269.305560 | 269.561150 | -28.077320 | -27.852350 | 
 2016 |    63 |     3 | 269.308020 | 269.562650 | -27.638330 | -27.413210 | 
 2016 |    63 |     4 | 268.808160 | 269.063090 | -27.635450 | -27.408540 | 
 2016 |    64 |     1 | 268.552510 | 268.808320 | -28.127020 | -27.900800 | 
 2016 |    64 |     2 | 269.055150 | 269.309310 | -28.128720 | -27.903480 | 
 2016 |    64 |     3 | 269.057630 | 269.311130 | -27.689620 | -27.464390 | 
 2016 |    64 |     4 | 268.557580 | 268.811140 | -27.686630 | -27.459730 | 
 2016 |    71 |     1 | 267.546650 | 267.807730 | -29.363010 | -29.136600 | 
 2016 |    71 |     2 | 268.055420 | 268.314690 | -29.364670 | -29.139410 | 
 2016 |    71 |     3 | 268.058010 | 268.316220 | -28.925540 | -28.700280 | 
 2016 |    71 |     4 | 267.552010 | 267.810600 | -28.922550 | -28.695600 | 
 2016 |    72 |     1 | 267.798220 | 268.057550 | -29.363860 | -29.136470 | 
 2016 |    72 |     2 | 268.306740 | 268.564570 | -29.365550 | -29.139280 | 
 2016 |    72 |     3 | 268.309340 | 268.566210 | -28.926390 | -28.700170 | 
 2016 |    72 |     4 | 267.803520 | 268.060570 | -28.923510 | -28.695350 | 
 2016 |    73 |     1 | 267.798360 | 268.057910 | -29.141910 | -28.915160 | 
 2016 |    73 |     2 | 268.305840 | 268.563780 | -29.143680 | -28.917890 | 
 2016 |    73 |     3 | 268.308410 | 268.565410 | -28.704530 | -28.478830 | 
 2016 |    73 |     4 | 267.803580 | 268.060720 | -28.701550 | -28.474120 | 
 2016 |    74 |     1 | 267.547660 | 267.808190 | -29.142210 | -28.915390 | 
 2016 |    74 |     2 | 268.055230 | 268.313930 | -29.143870 | -28.917930 | 
 2016 |    74 |     3 | 268.057850 | 268.315510 | -28.704810 | -28.478800 | 
 2016 |    74 |     4 | 267.552910 | 267.811030 | -28.701930 | -28.474320 | 
 2016 |    81 |     1 | 267.549870 | 267.807700 | -28.479470 | -28.253090 | 
 2016 |    81 |     2 | 268.054160 | 268.310440 | -28.481250 | -28.255760 | 
 2016 |    81 |     3 | 268.056870 | 268.312160 | -28.042120 | -27.816620 | 
 2016 |    81 |     4 | 267.554980 | 267.810570 | -28.039280 | -27.812030 | 
 2016 |    82 |     1 | 267.800820 | 268.060060 | -28.479900 | -28.252430 | 
 2016 |    82 |     2 | 268.305050 | 268.562630 | -28.481660 | -28.255230 | 
 2016 |    82 |     3 | 268.307620 | 268.564300 | -28.042520 | -27.816110 | 
 2016 |    82 |     4 | 267.805910 | 268.062790 | -28.039530 | -27.811520 | 
 2016 |    83 |     1 | 267.802290 | 268.060200 | -28.257270 | -28.030350 | 
 2016 |    83 |     2 | 268.305590 | 268.561730 | -28.259200 | -28.033090 | 
 2016 |    83 |     3 | 268.308140 | 268.563370 | -27.820030 | -27.594050 | 
 2016 |    83 |     4 | 267.807460 | 268.062930 | -27.816980 | -27.589470 | 
 2016 |    84 |     1 | 267.551500 | 267.807770 | -28.258120 | -28.032060 | 
 2016 |    84 |     2 | 268.054900 | 268.309430 | -28.259800 | -28.034830 | 
 2016 |    84 |     3 | 268.057500 | 268.311280 | -27.820720 | -27.595850 | 
 2016 |    84 |     4 | 267.556720 | 267.810600 | -27.817710 | -27.591050 | 
 2017 |  n1_1 |     1 | 265.493960 | 265.746710 | -27.353890 | -27.128890 | 
 2017 |  n1_1 |     2 | 265.991120 | 266.245830 | -27.352870 | -27.126900 | 
 2017 |  n1_1 |     3 | 265.990520 | 266.242960 | -26.913720 | -26.687680 | 
 2017 |  n1_1 |     4 | 265.493990 | 265.746130 | -26.912920 | -26.688200 | 
 2017 |  n1_2 |     1 | 265.740990 | 265.994230 | -27.359330 | -27.134340 | 
 2017 |  n1_2 |     2 | 266.238150 | 266.493440 | -27.358380 | -27.132460 | 
 2017 |  n1_2 |     3 | 266.237590 | 266.490240 | -26.919380 | -26.693260 | 
 2017 |  n1_2 |     4 | 265.741080 | 265.993520 | -26.918590 | -26.693700 | 
 2017 |  n1_3 |     1 | 265.748070 | 266.000520 | -27.138870 | -26.913930 | 
 2017 |  n1_3 |     2 | 266.244360 | 266.498900 | -27.137730 | -26.911880 | 
 2017 |  n1_3 |     3 | 266.243670 | 266.495760 | -26.698820 | -26.472730 | 
 2017 |  n1_3 |     4 | 265.748320 | 265.999940 | -26.697940 | -26.473210 | 
 2017 |  n1_4 |     1 | 265.501470 | 265.753560 | -27.132570 | -26.908210 | 
 2017 |  n1_4 |     2 | 265.997540 | 266.251700 | -27.131540 | -26.906210 | 
 2017 |  n1_4 |     3 | 265.997050 | 266.248700 | -26.692660 | -26.466980 | 
 2017 |  n1_4 |     4 | 265.501560 | 265.753070 | -26.691790 | -26.467550 | 
 2017 |  n2_1 |     1 | 264.808920 | 265.063110 | -28.223510 | -27.999330 | 
 2017 |  n2_1 |     2 | 265.310040 | 265.566350 | -28.222580 | -27.997280 | 
 2017 |  n2_1 |     3 | 265.309520 | 265.563140 | -27.783530 | -27.558180 | 
 2017 |  n2_1 |     4 | 264.809190 | 265.062450 | -27.782670 | -27.558660 | 
 2017 |  n2_2 |     1 | 265.057530 | 265.312250 | -28.230530 | -28.006430 | 
 2017 |  n2_2 |     2 | 265.558770 | 265.815340 | -28.229580 | -28.004410 | 
 2017 |  n2_2 |     3 | 265.558110 | 265.812440 | -27.790530 | -27.565280 | 
 2017 |  n2_2 |     4 | 265.057950 | 265.311730 | -27.789710 | -27.565770 | 
 2017 |  n2_3 |     1 | 265.066610 | 265.320610 | -28.009890 | -27.785170 | 
 2017 |  n2_3 |     2 | 265.566690 | 265.822880 | -28.008830 | -27.783230 | 
 2017 |  n2_3 |     3 | 265.565950 | 265.819730 | -27.569920 | -27.344200 | 
 2017 |  n2_3 |     4 | 265.066860 | 265.320040 | -27.569120 | -27.344730 | 
 2017 |  n2_4 |     1 | 264.817390 | 265.072160 | -28.003530 | -27.778700 | 
 2017 |  n2_4 |     2 | 265.317740 | 265.574230 | -28.002510 | -27.776690 | 
 2017 |  n2_4 |     3 | 265.317210 | 265.571010 | -27.563670 | -27.337610 | 
 2017 |  n2_4 |     4 | 264.817910 | 265.071550 | -27.562760 | -27.337960 | 
 2017 |  n3_1 |     1 | 264.182160 | 264.438420 | -29.091950 | -28.867820 | 
 2017 |  n3_1 |     2 | 264.687470 | 264.945760 | -29.090920 | -28.865880 | 
 2017 |  n3_1 |     3 | 264.686930 | 264.942530 | -28.651990 | -28.426560 | 
 2017 |  n3_1 |     4 | 264.182650 | 264.437890 | -28.651100 | -28.427100 | 
 2017 |  n3_2 |     1 | 264.432930 | 264.689420 | -29.100060 | -28.876000 | 
 2017 |  n3_2 |     2 | 264.938530 | 265.196850 | -29.099020 | -28.874050 | 
 2017 |  n3_2 |     3 | 264.937900 | 265.193620 | -28.660120 | -28.434750 | 
 2017 |  n3_2 |     4 | 264.433650 | 264.688930 | -28.659260 | -28.435270 | 
 2017 |  n3_3 |     1 | 264.442930 | 264.698850 | -28.879280 | -28.655190 | 
 2017 |  n3_3 |     2 | 264.947330 | 265.205180 | -28.878360 | -28.653200 | 
 2017 |  n3_3 |     3 | 264.946750 | 265.201950 | -28.439360 | -28.214050 | 
 2017 |  n3_3 |     4 | 264.443490 | 264.698350 | -28.438480 | -28.214500 | 
 2017 |  n3_4 |     1 | 264.192320 | 264.448150 | -28.871100 | -28.646990 | 
 2017 |  n3_4 |     2 | 264.696650 | 264.954540 | -28.870120 | -28.645030 | 
 2017 |  n3_4 |     3 | 264.696110 | 264.951250 | -28.431210 | -28.205770 | 
 2017 |  n3_4 |     4 | 264.192970 | 264.447630 | -28.430290 | -28.206320 | 
 2017 |  n4_1 |     1 | 263.564600 | 263.823190 | -29.957680 | -29.733630 | 
 2017 |  n4_1 |     2 | 264.074400 | 264.334860 | -29.956710 | -29.731580 | 
 2017 |  n4_1 |     3 | 264.073880 | 264.331650 | -29.517810 | -29.292470 | 
 2017 |  n4_1 |     4 | 263.565340 | 263.822720 | -29.516920 | -29.292930 | 
 2017 |  n4_2 |     1 | 263.817260 | 264.075900 | -29.967400 | -29.743290 | 
 2017 |  n4_2 |     2 | 264.327120 | 264.587680 | -29.966440 | -29.741330 | 
 2017 |  n4_2 |     3 | 264.326570 | 264.584320 | -29.527480 | -29.302140 | 
 2017 |  n4_2 |     4 | 263.818000 | 264.075410 | -29.526590 | -29.302550 | 
 2017 |  n4_3 |     1 | 263.828710 | 264.087760 | -29.747030 | -29.522010 | 
 2017 |  n4_3 |     2 | 264.337200 | 264.598170 | -29.746050 | -29.519920 | 
 2017 |  n4_3 |     3 | 264.336600 | 264.594700 | -29.307170 | -29.080920 | 
 2017 |  n4_3 |     4 | 263.829310 | 264.086860 | -29.306390 | -29.081260 | 
 2017 |  n4_4 |     1 | 263.576320 | 263.834660 | -29.737030 | -29.512800 | 
 2017 |  n4_4 |     2 | 264.085100 | 264.345310 | -29.736170 | -29.510750 | 
 2017 |  n4_4 |     3 | 264.084540 | 264.342150 | -29.297190 | -29.071690 | 
 2017 |  n4_4 |     4 | 263.577110 | 263.834250 | -29.296310 | -29.072060 | 
 2017 |  c1_1 |     1 | 265.804680 | 266.062070 | -28.953590 | -28.728360 | 
 2017 |  c1_1 |     2 | 266.309460 | 266.568730 | -28.952930 | -28.726500 | 
 2017 |  c1_1 |     3 | 266.309320 | 266.565590 | -28.513930 | -28.287250 | 
 2017 |  c1_1 |     4 | 265.805640 | 266.061690 | -28.512810 | -28.287530 | 
 2017 |  c1_2 |     1 | 266.055400 | 266.313420 | -28.959090 | -28.733800 | 
 2017 |  c1_2 |     2 | 266.560070 | 266.820140 | -28.958070 | -28.731730 | 
 2017 |  c1_2 |     3 | 266.560230 | 266.816890 | -28.519100 | -28.292560 | 
 2017 |  c1_2 |     4 | 266.056540 | 266.312900 | -28.518260 | -28.292970 | 
 2017 |  c1_3 |     1 | 266.061520 | 266.318830 | -28.737230 | -28.513000 | 
 2017 |  c1_3 |     2 | 266.565340 | 266.824520 | -28.736630 | -28.510990 | 
 2017 |  c1_3 |     3 | 266.565130 | 266.821280 | -28.297500 | -28.071720 | 
 2017 |  c1_3 |     4 | 266.062560 | 266.318180 | -28.296340 | -28.072200 | 
 2017 |  c1_4 |     1 | 265.811670 | 266.068760 | -28.732930 | -28.507170 | 
 2017 |  c1_4 |     2 | 266.315440 | 266.574380 | -28.732390 | -28.505430 | 
 2017 |  c1_4 |     3 | 266.314980 | 266.571140 | -28.293610 | -28.066200 | 
 2017 |  c1_4 |     4 | 265.812330 | 266.068270 | -28.292090 | -28.066390 | 
 2017 |  c2_1 |     1 | 265.353890 | 265.612400 | -29.829400 | -29.605200 | 
 2017 |  c2_1 |     2 | 265.863220 | 266.123620 | -29.828390 | -29.603160 | 
 2017 |  c2_1 |     3 | 265.862700 | 266.120150 | -29.389430 | -29.163900 | 
 2017 |  c2_1 |     4 | 265.354650 | 265.611880 | -29.388530 | -29.164280 | 
 2017 |  c2_2 |     1 | 265.605590 | 265.865550 | -29.836150 | -29.611270 | 
 2017 |  c2_2 |     2 | 266.114660 | 266.376700 | -29.834480 | -29.609140 | 
 2017 |  c2_2 |     3 | 266.114530 | 266.373470 | -29.395510 | -29.169910 | 
 2017 |  c2_2 |     4 | 265.606690 | 265.865030 | -29.395400 | -29.170400 | 
 2017 |  c2_3 |     1 | 265.612920 | 265.872520 | -29.614930 | -29.390210 | 
 2017 |  c2_3 |     2 | 266.121190 | 266.382760 | -29.613950 | -29.388250 | 
 2017 |  c2_3 |     3 | 266.120670 | 266.379370 | -29.174900 | -28.948980 | 
 2017 |  c2_3 |     4 | 265.613710 | 265.872160 | -29.174000 | -28.949500 | 
 2017 |  c2_4 |     1 | 265.362030 | 265.619960 | -29.608440 | -29.384230 | 
 2017 |  c2_4 |     2 | 265.870110 | 266.130080 | -29.607470 | -29.382180 | 
 2017 |  c2_4 |     3 | 265.869730 | 266.126650 | -29.168320 | -28.942920 | 
 2017 |  c2_4 |     4 | 265.362850 | 265.619390 | -29.167590 | -28.943410 | 
 2017 |  c3_1 |     1 | 266.805770 | 267.063320 | -28.963600 | -28.739290 | 
 2017 |  c3_1 |     2 | 267.310540 | 267.570140 | -28.962550 | -28.737280 | 
 2017 |  c3_1 |     3 | 267.310440 | 267.566780 | -28.523510 | -28.298020 | 
 2017 |  c3_1 |     4 | 266.806800 | 267.062740 | -28.522660 | -28.298530 | 
 2017 |  c3_2 |     1 | 267.055120 | 267.313600 | -28.966910 | -28.742650 | 
 2017 |  c3_2 |     2 | 267.559900 | 267.820580 | -28.965910 | -28.740650 | 
 2017 |  c3_2 |     3 | 267.559820 | 267.817070 | -28.526890 | -28.301470 | 
 2017 |  c3_2 |     4 | 267.056080 | 267.313040 | -28.526010 | -28.301870 | 
 2017 |  c3_3 |     1 | 267.062240 | 267.318600 | -28.746660 | -28.521600 | 
 2017 |  c3_3 |     2 | 267.565950 | 267.824090 | -28.745480 | -28.519490 | 
 2017 |  c3_3 |     3 | 267.565560 | 267.821090 | -28.306610 | -28.080420 | 
 2017 |  c3_3 |     4 | 267.062720 | 267.318060 | -28.305760 | -28.080720 | 
 2017 |  c3_4 |     1 | 266.811230 | 267.068430 | -28.743520 | -28.518610 | 
 2017 |  c3_4 |     2 | 267.314730 | 267.574250 | -28.742600 | -28.516600 | 
 2017 |  c3_4 |     3 | 267.314810 | 267.570970 | -28.303690 | -28.077360 | 
 2017 |  c3_4 |     4 | 266.812300 | 267.067880 | -28.302760 | -28.077850 | 
 2017 |  c4_1 |     1 | 266.363800 | 266.623100 | -29.843570 | -29.618980 | 
 2017 |  c4_1 |     2 | 266.872840 | 267.134440 | -29.842510 | -29.616960 | 
 2017 |  c4_1 |     3 | 266.872680 | 267.131100 | -29.403720 | -29.177660 | 
 2017 |  c4_1 |     4 | 266.364680 | 266.622750 | -29.402760 | -29.178060 | 
 2017 |  c4_2 |     1 | 266.610590 | 266.875050 | -29.848410 | -29.619360 | 
 2017 |  c4_2 |     2 | 267.119820 | 267.386390 | -29.847530 | -29.617490 | 
 2017 |  c4_2 |     3 | 267.119520 | 267.383330 | -29.408460 | -29.178230 | 
 2017 |  c4_2 |     4 | 266.611490 | 266.874740 | -29.407650 | -29.178480 | 
 2017 |  c4_3 |     1 | 266.622280 | 266.880460 | -29.626470 | -29.402060 | 
 2017 |  c4_3 |     2 | 267.130260 | 267.390700 | -29.625420 | -29.399980 | 
 2017 |  c4_3 |     3 | 267.129710 | 267.387200 | -29.186510 | -28.960910 | 
 2017 |  c4_3 |     4 | 266.622860 | 266.879920 | -29.185600 | -28.961410 | 
 2017 |  c4_4 |     1 | 266.369650 | 266.628320 | -29.623160 | -29.398350 | 
 2017 |  c4_4 |     2 | 266.877620 | 267.138230 | -29.622010 | -29.396300 | 
 2017 |  c4_4 |     3 | 266.877510 | 267.134950 | -29.183140 | -28.957110 | 
 2017 |  c4_4 |     4 | 266.370500 | 266.627800 | -29.182360 | -28.957570 | 
 2017 |  s1_1 |     1 | 267.121380 | 267.377970 | -28.084230 | -27.857420 | 
 2017 |  s1_1 |     2 | 267.622060 | 267.880430 | -28.083380 | -27.855420 | 
 2017 |  s1_1 |     3 | 267.621950 | 267.877510 | -27.644310 | -27.416310 | 
 2017 |  s1_1 |     4 | 267.122410 | 267.377510 | -27.643400 | -27.416670 | 
 2017 |  s1_2 |     1 | 267.369370 | 267.625850 | -28.087080 | -27.860760 | 
 2017 |  s1_2 |     2 | 267.870050 | 268.128520 | -28.086140 | -27.858780 | 
 2017 |  s1_2 |     3 | 267.869860 | 268.125390 | -27.647240 | -27.419680 | 
 2017 |  s1_2 |     4 | 267.370240 | 267.625390 | -27.646310 | -27.419950 | 
 2017 |  s1_3 |     1 | 267.373930 | 267.629430 | -27.864100 | -27.638870 | 
 2017 |  s1_3 |     2 | 267.873630 | 268.131040 | -27.863060 | -27.637070 | 
 2017 |  s1_3 |     3 | 267.873680 | 268.127910 | -27.424150 | -27.197620 | 
 2017 |  s1_3 |     4 | 267.375000 | 267.628960 | -27.423220 | -27.197950 | 
 2017 |  s1_4 |     1 | 267.125340 | 267.381720 | -27.861710 | -27.636420 | 
 2017 |  s1_4 |     2 | 267.625120 | 267.883350 | -27.860660 | -27.634470 | 
 2017 |  s1_4 |     3 | 267.625010 | 267.880070 | -27.421690 | -27.195240 | 
 2017 |  s1_4 |     4 | 267.126290 | 267.381360 | -27.420790 | -27.195610 | 
 2017 |  s2_1 |     1 | 266.463490 | 266.724410 | -30.727730 | -30.503530 | 
 2017 |  s2_1 |     2 | 266.977410 | 267.240360 | -30.726780 | -30.501480 | 
 2017 |  s2_1 |     3 | 266.977030 | 267.236890 | -30.287700 | -30.062140 | 
 2017 |  s2_1 |     4 | 266.464420 | 266.723910 | -30.286860 | -30.062630 | 
 2017 |  s2_2 |     1 | 266.717190 | 266.979340 | -30.731580 | -30.507470 | 
 2017 |  s2_2 |     2 | 267.231040 | 267.495170 | -30.730670 | -30.505520 | 
 2017 |  s2_2 |     3 | 267.231040 | 267.491630 | -30.291680 | -30.066210 | 
 2017 |  s2_2 |     4 | 266.718420 | 266.978820 | -30.290770 | -30.066600 | 
 2017 |  s2_3 |     1 | 266.723340 | 266.984420 | -30.511000 | -30.286490 | 
 2017 |  s2_3 |     2 | 267.236040 | 267.499180 | -30.510030 | -30.284460 | 
 2017 |  s2_3 |     3 | 267.235710 | 267.495740 | -30.071090 | -29.845130 | 
 2017 |  s2_3 |     4 | 266.724270 | 266.983930 | -30.070110 | -29.845570 | 
 2017 |  s2_4 |     1 | 266.469200 | 266.729620 | -30.507380 | -30.281760 | 
 2017 |  s2_4 |     2 | 266.981990 | 267.244240 | -30.506140 | -30.279890 | 
 2017 |  s2_4 |     3 | 266.981580 | 267.240790 | -30.067360 | -29.840680 | 
 2017 |  s2_4 |     4 | 266.470110 | 266.729160 | -30.066590 | -29.841070 | 
 2017 |  s3_1 |     1 | 268.116590 | 268.370800 | -28.083380 | -27.859020 | 
 2017 |  s3_1 |     2 | 268.617020 | 268.873330 | -28.082430 | -27.857130 | 
 2017 |  s3_1 |     3 | 268.616560 | 268.870250 | -27.643490 | -27.418100 | 
 2017 |  s3_1 |     4 | 268.117190 | 268.370320 | -27.642590 | -27.418580 | 
 2017 |  s3_2 |     1 | 268.364800 | 268.619290 | -28.085410 | -27.860310 | 
 2017 |  s3_2 |     2 | 268.865370 | 269.121860 | -28.084390 | -27.858250 | 
 2017 |  s3_2 |     3 | 268.865070 | 269.118750 | -27.645600 | -27.419100 | 
 2017 |  s3_2 |     4 | 268.365620 | 268.618820 | -27.644660 | -27.419550 | 
 2017 |  s3_3 |     1 | 268.366470 | 268.620820 | -27.863460 | -27.638850 | 
 2017 |  s3_3 |     2 | 268.866080 | 269.122340 | -27.862500 | -27.637020 | 
 2017 |  s3_3 |     3 | 268.865940 | 269.119400 | -27.423570 | -27.198110 | 
 2017 |  s3_3 |     4 | 268.367340 | 268.620390 | -27.422680 | -27.198300 | 
 2017 |  s3_4 |     1 | 268.118070 | 268.372670 | -27.862520 | -27.637660 | 
 2017 |  s3_4 |     2 | 268.617650 | 268.874030 | -27.862450 | -27.635730 | 
 2017 |  s3_4 |     3 | 268.617430 | 268.871050 | -27.423470 | -27.196780 | 
 2017 |  s3_4 |     4 | 268.119050 | 268.372230 | -27.421720 | -27.197070 | 
 2017 |  s4_1 |     1 | 267.808410 | 268.064900 | -28.967310 | -28.742690 | 
 2017 |  s4_1 |     2 | 268.313130 | 268.571720 | -28.966360 | -28.740700 | 
 2017 |  s4_1 |     3 | 268.312860 | 268.568530 | -28.527350 | -28.301630 | 
 2017 |  s4_1 |     4 | 267.809100 | 268.064500 | -28.526480 | -28.301950 | 
 2017 |  s4_2 |     1 | 268.058040 | 268.317040 | -28.970110 | -28.744410 | 
 2017 |  s4_2 |     2 | 268.562710 | 268.823820 | -28.969240 | -28.742470 | 
 2017 |  s4_2 |     3 | 268.562570 | 268.820890 | -28.530340 | -28.303270 | 
 2017 |  s4_2 |     4 | 268.058860 | 268.316800 | -28.529330 | -28.303710 | 
 2017 |  s4_3 |     1 | 268.061650 | 268.317320 | -28.747940 | -28.523700 | 
 2017 |  s4_3 |     2 | 268.565440 | 268.822970 | -28.747050 | -28.521800 | 
 2017 |  s4_3 |     3 | 268.564950 | 268.819910 | -28.308120 | -28.082590 | 
 2017 |  s4_3 |     4 | 268.062390 | 268.316900 | -28.307290 | -28.083030 | 
 2017 |  s4_4 |     1 | 267.808470 | 268.068510 | -28.747750 | -28.521690 | 
 2017 |  s4_4 |     2 | 268.312260 | 268.573970 | -28.746850 | -28.519830 | 
 2017 |  s4_4 |     3 | 268.312040 | 268.571070 | -28.307850 | -28.080590 | 
 2017 |  s4_4 |     4 | 267.809290 | 268.068150 | -28.306910 | -28.080900 | 
 2017 |  s5_1 |     1 | 267.373870 | 267.632380 | -29.849830 | -29.625770 | 
 2017 |  s5_1 |     2 | 267.883250 | 268.143470 | -29.848880 | -29.623750 | 
 2017 |  s5_1 |     3 | 267.882700 | 268.140200 | -29.409920 | -29.184730 | 
 2017 |  s5_1 |     4 | 267.374750 | 267.631810 | -29.409060 | -29.185030 | 
 2017 |  s5_2 |     1 | 267.626540 | 267.885020 | -29.852920 | -29.627760 | 
 2017 |  s5_2 |     2 | 268.135880 | 268.396120 | -29.851550 | -29.625660 | 
 2017 |  s5_2 |     3 | 268.135360 | 268.392910 | -29.412730 | -29.186610 | 
 2017 |  s5_2 |     4 | 267.627330 | 267.884540 | -29.412260 | -29.186990 | 
 2017 |  s5_3 |     1 | 267.630240 | 267.889530 | -29.631410 | -29.405550 | 
 2017 |  s5_3 |     2 | 268.138040 | 268.399630 | -29.630560 | -29.403510 | 
 2017 |  s5_3 |     3 | 268.137630 | 268.396520 | -29.191540 | -28.964460 | 
 2017 |  s5_3 |     4 | 267.630770 | 267.889250 | -29.190630 | -28.964900 | 
 2017 |  s5_4 |     1 | 267.377670 | 267.635500 | -29.628830 | -29.404750 | 
 2017 |  s5_4 |     2 | 267.885700 | 268.145450 | -29.627830 | -29.402750 | 
 2017 |  s5_4 |     3 | 267.885320 | 268.142330 | -29.188980 | -28.963520 | 
 2017 |  s5_4 |     4 | 267.378380 | 267.635060 | -29.188020 | -28.963970 | 
 2017 |  s6_1 |     1 | 268.384200 | 268.642460 | -29.849310 | -29.625330 | 
 2017 |  s6_1 |     2 | 268.893480 | 269.153630 | -29.848500 | -29.623290 | 
 2017 |  s6_1 |     3 | 268.893080 | 269.150460 | -29.409490 | -29.184170 | 
 2017 |  s6_1 |     4 | 268.385070 | 268.642050 | -29.408580 | -29.184630 | 
 2017 |  s6_2 |     1 | 268.636860 | 268.895260 | -29.849380 | -29.625310 | 
 2017 |  s6_2 |     2 | 269.146170 | 269.406390 | -29.848500 | -29.623270 | 
 2017 |  s6_2 |     3 | 269.145820 | 269.403270 | -29.409520 | -29.184250 | 
 2017 |  s6_2 |     4 | 268.637810 | 268.894790 | -29.408600 | -29.184560 | 
 2017 |  s6_3 |     1 | 268.635250 | 268.898560 | -29.628950 | -29.402660 | 
 2017 |  s6_3 |     2 | 269.143190 | 269.408560 | -29.627960 | -29.400690 | 
 2017 |  s6_3 |     3 | 269.142730 | 269.405360 | -29.189000 | -28.961470 | 
 2017 |  s6_3 |     4 | 268.635990 | 268.898150 | -29.188130 | -28.962080 | 
 2017 |  s6_4 |     1 | 268.385070 | 268.643500 | -29.629120 | -29.403960 | 
 2017 |  s6_4 |     2 | 268.893240 | 269.153580 | -29.628300 | -29.401970 | 
 2017 |  s6_4 |     3 | 268.892880 | 269.150460 | -29.189340 | -28.962790 | 
 2017 |  s6_4 |     4 | 268.386040 | 268.643280 | -29.188420 | -28.963100 | 
 2018 |  n1_1 |     1 | 265.494260 | 265.746490 | -27.353070 | -27.128890 | 
 2018 |  n1_1 |     2 | 265.991310 | 266.245460 | -27.352200 | -27.126920 | 
 2018 |  n1_1 |     3 | 265.990730 | 266.242520 | -26.913190 | -26.687680 | 
 2018 |  n1_1 |     4 | 265.494400 | 265.745920 | -26.912340 | -26.688190 | 
 2018 |  n1_2 |     1 | 265.740990 | 265.993030 | -27.358440 | -27.134330 | 
 2018 |  n1_2 |     2 | 266.238150 | 266.492150 | -27.357440 | -27.132520 | 
 2018 |  n1_2 |     3 | 266.237580 | 266.489150 | -26.918490 | -26.693380 | 
 2018 |  n1_2 |     4 | 265.741210 | 265.992430 | -26.917600 | -26.693690 | 
 2018 |  n1_3 |     1 | 265.748070 | 265.999720 | -27.137880 | -26.913890 | 
 2018 |  n1_3 |     2 | 266.244350 | 266.497920 | -27.136950 | -26.911870 | 
 2018 |  n1_3 |     3 | 266.243810 | 266.494830 | -26.698070 | -26.472730 | 
 2018 |  n1_3 |     4 | 265.748340 | 265.999070 | -26.697140 | -26.473180 | 
 2018 |  n1_4 |     1 | 265.501580 | 265.753020 | -27.132310 | -26.908190 | 
 2018 |  n1_4 |     2 | 265.997670 | 266.251320 | -27.131250 | -26.906370 | 
 2018 |  n1_4 |     3 | 265.997180 | 266.248180 | -26.692340 | -26.467150 | 
 2018 |  n1_4 |     4 | 265.501720 | 265.752400 | -26.691480 | -26.467550 | 
 2018 |  n2_1 |     1 | 264.808890 | 265.063060 | -28.223380 | -27.999310 | 
 2018 |  n2_1 |     2 | 265.310090 | 265.566140 | -28.222450 | -27.997350 | 
 2018 |  n2_1 |     3 | 265.309550 | 265.563060 | -27.783500 | -27.558250 | 
 2018 |  n2_1 |     4 | 264.809280 | 265.062450 | -27.782610 | -27.558550 | 
 2018 |  n2_2 |     1 | 265.057540 | 265.311730 | -28.230520 | -28.006410 | 
 2018 |  n2_2 |     2 | 265.558850 | 265.814870 | -28.229500 | -28.004410 | 
 2018 |  n2_2 |     3 | 265.558300 | 265.811750 | -27.790530 | -27.565280 | 
 2018 |  n2_2 |     4 | 265.057980 | 265.311100 | -27.789690 | -27.565660 | 
 2018 |  n2_3 |     1 | 265.066760 | 265.320260 | -28.009520 | -27.785460 | 
 2018 |  n2_3 |     2 | 265.566960 | 265.822330 | -28.008640 | -27.783490 | 
 2018 |  n2_3 |     3 | 265.566370 | 265.819450 | -27.569650 | -27.344600 | 
 2018 |  n2_3 |     4 | 265.067050 | 265.319760 | -27.568930 | -27.344840 | 
 2018 |  n2_4 |     1 | 264.817620 | 265.071200 | -28.002740 | -27.778700 | 
 2018 |  n2_4 |     2 | 265.317740 | 265.573350 | -28.001750 | -27.776680 | 
 2018 |  n2_4 |     3 | 265.317220 | 265.570190 | -27.562840 | -27.337700 | 
 2018 |  n2_4 |     4 | 264.817990 | 265.070570 | -27.561910 | -27.337950 | 
 2018 |  n3_1 |     1 | 264.182180 | 264.438400 | -29.091850 | -28.867830 | 
 2018 |  n3_1 |     2 | 264.687560 | 264.945700 | -29.090950 | -28.865880 | 
 2018 |  n3_1 |     3 | 264.686990 | 264.942490 | -28.651980 | -28.426800 | 
 2018 |  n3_1 |     4 | 264.182730 | 264.437810 | -28.651040 | -28.427110 | 
 2018 |  n3_2 |     1 | 264.433180 | 264.689420 | -29.099960 | -28.876010 | 
 2018 |  n3_2 |     2 | 264.938530 | 265.196820 | -29.099030 | -28.874050 | 
 2018 |  n3_2 |     3 | 264.937960 | 265.193600 | -28.660130 | -28.434820 | 
 2018 |  n3_2 |     4 | 264.433700 | 264.688870 | -28.659260 | -28.435310 | 
 2018 |  n3_3 |     1 | 264.443120 | 264.698850 | -28.879230 | -28.655210 | 
 2018 |  n3_3 |     2 | 264.947380 | 265.205210 | -28.878370 | -28.653210 | 
 2018 |  n3_3 |     3 | 264.946840 | 265.201960 | -28.439260 | -28.214050 | 
 2018 |  n3_3 |     4 | 264.443530 | 264.698270 | -28.438450 | -28.214500 | 
 2018 |  n3_4 |     1 | 264.192450 | 264.448150 | -28.870990 | -28.647020 | 
 2018 |  n3_4 |     2 | 264.696770 | 264.954480 | -28.870100 | -28.645000 | 
 2018 |  n3_4 |     3 | 264.696190 | 264.951230 | -28.431200 | -28.205990 | 
 2018 |  n3_4 |     4 | 264.193030 | 264.447630 | -28.430260 | -28.206290 | 
 2018 |  n4_1 |     1 | 263.564710 | 263.823190 | -29.957620 | -29.733630 | 
 2018 |  n4_1 |     2 | 264.074430 | 264.334850 | -29.956720 | -29.731580 | 
 2018 |  n4_1 |     3 | 264.073880 | 264.331650 | -29.517800 | -29.292470 | 
 2018 |  n4_1 |     4 | 263.565330 | 263.822630 | -29.516880 | -29.292950 | 
 2018 |  n4_2 |     1 | 263.817450 | 264.075850 | -29.967290 | -29.743330 | 
 2018 |  n4_2 |     2 | 264.327120 | 264.587470 | -29.966360 | -29.741350 | 
 2018 |  n4_2 |     3 | 264.326630 | 264.584320 | -29.527480 | -29.302140 | 
 2018 |  n4_2 |     4 | 263.818080 | 264.075410 | -29.526570 | -29.302550 | 
 2018 |  n4_3 |     1 | 263.829170 | 264.087300 | -29.746760 | -29.522410 | 
 2018 |  n4_3 |     2 | 264.337770 | 264.597920 | -29.745850 | -29.520410 | 
 2018 |  n4_3 |     3 | 264.337230 | 264.594660 | -29.306750 | -29.081410 | 
 2018 |  n4_3 |     4 | 263.829770 | 264.086810 | -29.305890 | -29.081660 | 
 2018 |  n4_4 |     1 | 263.576620 | 263.834420 | -29.737630 | -29.513030 | 
 2018 |  n4_4 |     2 | 264.085200 | 264.345070 | -29.736520 | -29.511040 | 
 2018 |  n4_4 |     3 | 264.084580 | 264.341840 | -29.297740 | -29.071910 | 
 2018 |  n4_4 |     4 | 263.577230 | 263.833950 | -29.296930 | -29.072330 | 
 2018 |  c1_1 |     1 | 265.804840 | 266.062720 | -28.954150 | -28.727940 | 
 2018 |  c1_1 |     2 | 266.309950 | 266.569200 | -28.953230 | -28.726000 | 
 2018 |  c1_1 |     3 | 266.309720 | 266.566190 | -28.514080 | -28.286740 | 
 2018 |  c1_1 |     4 | 265.805880 | 266.062150 | -28.513220 | -28.287230 | 
 2018 |  c1_2 |     1 | 266.055810 | 266.313010 | -28.958090 | -28.733850 | 
 2018 |  c1_2 |     2 | 266.560750 | 266.819750 | -28.957090 | -28.731620 | 
 2018 |  c1_2 |     3 | 266.560430 | 266.815820 | -28.518060 | -28.292520 | 
 2018 |  c1_2 |     4 | 266.056600 | 266.311630 | -28.517170 | -28.292920 | 
 2018 |  c1_3 |     1 | 266.062290 | 266.318940 | -28.737270 | -28.513030 | 
 2018 |  c1_3 |     2 | 266.566220 | 266.824530 | -28.736980 | -28.511080 | 
 2018 |  c1_3 |     3 | 266.566450 | 266.821450 | -28.297920 | -28.071750 | 
 2018 |  c1_3 |     4 | 266.063590 | 266.318420 | -28.296400 | -28.072210 | 
 2018 |  c1_4 |     1 | 265.811760 | 266.068650 | -28.733170 | -28.507890 | 
 2018 |  c1_4 |     2 | 266.315310 | 266.574410 | -28.732210 | -28.506000 | 
 2018 |  c1_4 |     3 | 266.315470 | 266.571140 | -28.293220 | -28.066550 | 
 2018 |  c1_4 |     4 | 265.812750 | 266.068220 | -28.292280 | -28.067030 | 
 2018 |  c2_1 |     1 | 265.352710 | 265.612370 | -29.829750 | -29.605210 | 
 2018 |  c2_1 |     2 | 265.861830 | 266.123610 | -29.828900 | -29.603210 | 
 2018 |  c2_1 |     3 | 265.861780 | 266.120230 | -29.389930 | -29.163890 | 
 2018 |  c2_1 |     4 | 265.353860 | 265.611860 | -29.388980 | -29.164190 | 
 2018 |  c2_2 |     1 | 265.604880 | 265.865470 | -29.835860 | -29.611270 | 
 2018 |  c2_2 |     2 | 266.114030 | 266.376710 | -29.834920 | -29.609300 | 
 2018 |  c2_2 |     3 | 266.113950 | 266.373490 | -29.395920 | -29.169900 | 
 2018 |  c2_2 |     4 | 265.605980 | 265.865060 | -29.395010 | -29.170350 | 
 2018 |  c2_3 |     1 | 265.613950 | 265.872330 | -29.614520 | -29.390300 | 
 2018 |  c2_3 |     2 | 266.122450 | 266.382090 | -29.613570 | -29.388030 | 
 2018 |  c2_3 |     3 | 266.121930 | 266.378880 | -29.174720 | -28.948760 | 
 2018 |  c2_3 |     4 | 265.614940 | 265.871670 | -29.173620 | -28.949460 | 
 2018 |  c2_4 |     1 | 265.361560 | 265.620160 | -29.609630 | -29.384230 | 
 2018 |  c2_4 |     2 | 265.869650 | 266.130130 | -29.608710 | -29.382300 | 
 2018 |  c2_4 |     3 | 265.869290 | 266.126820 | -29.169640 | -28.942940 | 
 2018 |  c2_4 |     4 | 265.362360 | 265.619640 | -29.168830 | -28.943390 | 
 2018 |  c3_1 |     1 | 266.806700 | 267.063380 | -28.963790 | -28.739280 | 
 2018 |  c3_1 |     2 | 267.311870 | 267.570150 | -28.962630 | -28.737390 | 
 2018 |  c3_1 |     3 | 267.311490 | 267.566980 | -28.523750 | -28.298030 | 
 2018 |  c3_1 |     4 | 266.807620 | 267.062990 | -28.522840 | -28.298440 | 
 2018 |  c3_2 |     1 | 267.057010 | 267.313550 | -28.966910 | -28.742680 | 
 2018 |  c3_2 |     2 | 267.562160 | 267.820580 | -28.965960 | -28.740710 | 
 2018 |  c3_2 |     3 | 267.561760 | 267.817180 | -28.526890 | -28.301470 | 
 2018 |  c3_2 |     4 | 267.057800 | 267.312970 | -28.525990 | -28.301790 | 
 2018 |  c3_3 |     1 | 267.061930 | 267.317900 | -28.745780 | -28.521600 | 
 2018 |  c3_3 |     2 | 267.565960 | 267.823710 | -28.744870 | -28.519660 | 
 2018 |  c3_3 |     3 | 267.565590 | 267.820600 | -28.305800 | -28.080380 | 
 2018 |  c3_3 |     4 | 267.062750 | 267.317360 | -28.304910 | -28.080650 | 
 2018 |  c3_4 |     1 | 266.811590 | 267.067960 | -28.743510 | -28.518620 | 
 2018 |  c3_4 |     2 | 267.315650 | 267.573750 | -28.742480 | -28.516710 | 
 2018 |  c3_4 |     3 | 267.315200 | 267.570560 | -28.303470 | -28.077350 | 
 2018 |  c3_4 |     4 | 266.812300 | 267.067500 | -28.302720 | -28.077720 | 
 2018 |  c4_1 |     1 | 266.362300 | 266.622340 | -29.843560 | -29.619010 | 
 2018 |  c4_1 |     2 | 266.871800 | 267.133730 | -29.842530 | -29.616970 | 
 2018 |  c4_1 |     3 | 266.871670 | 267.130500 | -29.403720 | -29.177670 | 
 2018 |  c4_1 |     4 | 266.363500 | 266.622200 | -29.402800 | -29.178050 | 
 2018 |  c4_2 |     1 | 266.616480 | 266.874970 | -29.847410 | -29.623230 | 
 2018 |  c4_2 |     2 | 267.125880 | 267.386250 | -29.846420 | -29.621250 | 
 2018 |  c4_2 |     3 | 267.125340 | 267.382890 | -29.407430 | -29.182070 | 
 2018 |  c4_2 |     4 | 266.617230 | 266.874450 | -29.406560 | -29.182300 | 
 2018 |  c4_3 |     1 | 266.622310 | 266.880390 | -29.626470 | -29.402270 | 
 2018 |  c4_3 |     2 | 267.130730 | 267.390650 | -29.625420 | -29.400360 | 
 2018 |  c4_3 |     3 | 267.130200 | 267.387300 | -29.186450 | -28.961080 | 
 2018 |  c4_3 |     4 | 266.623220 | 266.879880 | -29.185580 | -28.961330 | 
 2018 |  c4_4 |     1 | 266.369180 | 266.628180 | -29.623240 | -29.398380 | 
 2018 |  c4_4 |     2 | 266.877270 | 267.138180 | -29.622340 | -29.396440 | 
 2018 |  c4_4 |     3 | 266.877590 | 267.135040 | -29.183310 | -28.957130 | 
 2018 |  c4_4 |     4 | 266.370520 | 266.627750 | -29.182460 | -28.957470 | 
 2018 |  s1_1 |     1 | 267.122330 | 267.377400 | -28.082650 | -27.857690 | 
 2018 |  s1_1 |     2 | 267.623040 | 267.880070 | -28.081810 | -27.855870 | 
 2018 |  s1_1 |     3 | 267.622880 | 267.877230 | -27.642700 | -27.416560 | 
 2018 |  s1_1 |     4 | 267.123100 | 267.377100 | -27.641810 | -27.416860 | 
 2018 |  s1_2 |     1 | 267.370600 | 267.625830 | -28.085690 | -27.860750 | 
 2018 |  s1_2 |     2 | 267.871580 | 268.128530 | -28.084770 | -27.858800 | 
 2018 |  s1_2 |     3 | 267.871440 | 268.125470 | -27.645740 | -27.419620 | 
 2018 |  s1_2 |     4 | 267.371660 | 267.625390 | -27.644810 | -27.419900 | 
 2018 |  s1_3 |     1 | 267.375750 | 267.629350 | -27.864070 | -27.639910 | 
 2018 |  s1_3 |     2 | 267.875550 | 268.131040 | -27.863100 | -27.638010 | 
 2018 |  s1_3 |     3 | 267.875290 | 268.127980 | -27.424150 | -27.198600 | 
 2018 |  s1_3 |     4 | 267.376500 | 267.628950 | -27.423200 | -27.198980 | 
 2018 |  s1_4 |     1 | 267.126680 | 267.381060 | -27.861670 | -27.637510 | 
 2018 |  s1_4 |     2 | 267.626400 | 267.882530 | -27.861020 | -27.635340 | 
 2018 |  s1_4 |     3 | 267.626690 | 267.879690 | -27.422170 | -27.196150 | 
 2018 |  s1_4 |     4 | 267.127950 | 267.380870 | -27.420790 | -27.196690 | 
 2018 |  s2_1 |     1 | 266.463250 | 266.724320 | -30.727870 | -30.503530 | 
 2018 |  s2_1 |     2 | 266.976930 | 267.240330 | -30.727040 | -30.501670 | 
 2018 |  s2_1 |     3 | 266.976440 | 267.236890 | -30.287970 | -30.062200 | 
 2018 |  s2_1 |     4 | 266.463960 | 266.723800 | -30.287040 | -30.062550 | 
 2018 |  s2_2 |     1 | 266.718330 | 266.979250 | -30.731570 | -30.507470 | 
 2018 |  s2_2 |     2 | 267.232440 | 267.495190 | -30.730670 | -30.505580 | 
 2018 |  s2_2 |     3 | 267.231970 | 267.491630 | -30.291680 | -30.066210 | 
 2018 |  s2_2 |     4 | 266.719320 | 266.978820 | -30.290760 | -30.066510 | 
 2018 |  s2_3 |     1 | 266.724130 | 266.984340 | -30.510670 | -30.286440 | 
 2018 |  s2_3 |     2 | 267.236920 | 267.499190 | -30.509670 | -30.284470 | 
 2018 |  s2_3 |     3 | 267.236520 | 267.495720 | -30.070700 | -29.845050 | 
 2018 |  s2_3 |     4 | 266.725030 | 266.983900 | -30.069760 | -29.845520 | 
 2018 |  s2_4 |     1 | 266.469210 | 266.729950 | -30.507550 | -30.282670 | 
 2018 |  s2_4 |     2 | 266.982060 | 267.244590 | -30.506490 | -30.280730 | 
 2018 |  s2_4 |     3 | 266.981600 | 267.241370 | -30.067690 | -29.841370 | 
 2018 |  s2_4 |     4 | 266.470160 | 266.729510 | -30.066710 | -29.841820 | 
 2018 |  s3_1 |     1 | 268.116750 | 268.370780 | -28.083370 | -27.859280 | 
 2018 |  s3_1 |     2 | 268.617620 | 268.873350 | -28.082500 | -27.857310 | 
 2018 |  s3_1 |     3 | 268.617130 | 268.870260 | -27.643520 | -27.418110 | 
 2018 |  s3_1 |     4 | 268.117490 | 268.370320 | -27.642570 | -27.418580 | 
 2018 |  s3_2 |     1 | 268.365340 | 268.619260 | -28.084320 | -27.860310 | 
 2018 |  s3_2 |     2 | 268.865940 | 269.121750 | -28.083310 | -27.858250 | 
 2018 |  s3_2 |     3 | 268.865680 | 269.118750 | -27.644420 | -27.419120 | 
 2018 |  s3_2 |     4 | 268.366040 | 268.618810 | -27.643550 | -27.419490 | 
 2018 |  s3_3 |     1 | 268.367390 | 268.620790 | -27.863950 | -27.639360 | 
 2018 |  s3_3 |     2 | 268.867060 | 269.122340 | -27.863020 | -27.637530 | 
 2018 |  s3_3 |     3 | 268.866670 | 269.119400 | -27.423880 | -27.198180 | 
 2018 |  s3_3 |     4 | 268.368090 | 268.620380 | -27.423100 | -27.198640 | 
 2018 |  s3_4 |     1 | 268.118800 | 268.372180 | -27.863000 | -27.638430 | 
 2018 |  s3_4 |     2 | 268.618420 | 268.873600 | -27.862000 | -27.636520 | 
 2018 |  s3_4 |     3 | 268.618050 | 268.870700 | -27.423040 | -27.197430 | 
 2018 |  s3_4 |     4 | 268.119370 | 268.371770 | -27.422210 | -27.197760 | 
 2018 |  s4_1 |     1 | 267.808710 | 268.066350 | -28.967240 | -28.742700 | 
 2018 |  s4_1 |     2 | 268.313710 | 268.572930 | -28.966400 | -28.740780 | 
 2018 |  s4_1 |     3 | 268.313330 | 268.568610 | -28.527360 | -28.301630 | 
 2018 |  s4_1 |     4 | 267.809610 | 268.064490 | -28.526480 | -28.301930 | 
 2018 |  s4_2 |     1 | 268.058070 | 268.315350 | -28.969550 | -28.744410 | 
 2018 |  s4_2 |     2 | 268.562850 | 268.822090 | -28.968490 | -28.742480 | 
 2018 |  s4_2 |     3 | 268.562410 | 268.819420 | -28.529660 | -28.303270 | 
 2018 |  s4_2 |     4 | 268.058810 | 268.315270 | -28.528790 | -28.303660 | 
 2018 |  s4_3 |     1 | 268.061730 | 268.317320 | -28.747790 | -28.523690 | 
 2018 |  s4_3 |     2 | 268.565580 | 268.822970 | -28.746880 | -28.521820 | 
 2018 |  s4_3 |     3 | 268.565280 | 268.819990 | -28.307940 | -28.082600 | 
 2018 |  s4_3 |     4 | 268.062610 | 268.316910 | -28.307010 | -28.082940 | 
 2018 |  s4_4 |     1 | 267.808770 | 268.067390 | -28.747640 | -28.521690 | 
 2018 |  s4_4 |     2 | 268.312260 | 268.572930 | -28.747100 | -28.519830 | 
 2018 |  s4_4 |     3 | 268.312010 | 268.571040 | -28.308060 | -28.080590 | 
 2018 |  s4_4 |     4 | 267.809370 | 268.067990 | -28.306930 | -28.080920 | 
 2018 |  s5_1 |     1 | 267.374070 | 267.632520 | -29.850000 | -29.625760 | 
 2018 |  s5_1 |     2 | 267.883250 | 268.143750 | -29.849090 | -29.623760 | 
 2018 |  s5_1 |     3 | 267.882770 | 268.140490 | -29.410170 | -29.184790 | 
 2018 |  s5_1 |     4 | 267.374760 | 267.632160 | -29.409270 | -29.184960 | 
 2018 |  s5_2 |     1 | 267.626730 | 267.885020 | -29.852550 | -29.627740 | 
 2018 |  s5_2 |     2 | 268.135960 | 268.396110 | -29.851610 | -29.625760 | 
 2018 |  s5_2 |     3 | 268.135440 | 268.392910 | -29.412730 | -29.186610 | 
 2018 |  s5_2 |     4 | 267.627380 | 267.884500 | -29.411790 | -29.186980 | 
 2018 |  s5_3 |     1 | 267.630340 | 267.888080 | -29.631410 | -29.407360 | 
 2018 |  s5_3 |     2 | 268.138490 | 268.398140 | -29.630430 | -29.405430 | 
 2018 |  s5_3 |     3 | 268.137930 | 268.394950 | -29.191540 | -28.966130 | 
 2018 |  s5_3 |     4 | 267.631040 | 267.887620 | -29.190600 | -28.966600 | 
 2018 |  s5_4 |     1 | 267.377750 | 267.635470 | -29.628790 | -29.404740 | 
 2018 |  s5_4 |     2 | 267.885920 | 268.145500 | -29.627840 | -29.402910 | 
 2018 |  s5_4 |     3 | 267.885370 | 268.142330 | -29.188970 | -28.963530 | 
 2018 |  s5_4 |     4 | 267.378380 | 267.635030 | -29.188010 | -28.963960 | 
 2018 |  s6_1 |     1 | 268.384130 | 268.642430 | -29.849300 | -29.625320 | 
 2018 |  s6_1 |     2 | 268.893480 | 269.153430 | -29.848510 | -29.623360 | 
 2018 |  s6_1 |     3 | 268.893090 | 269.150460 | -29.409410 | -29.184170 | 
 2018 |  s6_1 |     4 | 268.385070 | 268.642160 | -29.408560 | -29.184620 | 
 2018 |  s6_2 |     1 | 268.636780 | 268.895220 | -29.849390 | -29.625310 | 
 2018 |  s6_2 |     2 | 269.146190 | 269.406400 | -29.848500 | -29.623390 | 
 2018 |  s6_2 |     3 | 269.145830 | 269.403290 | -29.409520 | -29.184260 | 
 2018 |  s6_2 |     4 | 268.637840 | 268.894960 | -29.408620 | -29.184500 | 
 2018 |  s6_3 |     1 | 268.636150 | 268.896240 | -29.628940 | -29.404280 | 
 2018 |  s6_3 |     2 | 269.144480 | 269.406350 | -29.628700 | -29.402400 | 
 2018 |  s6_3 |     3 | 269.145320 | 269.403120 | -29.189780 | -28.963180 | 
 2018 |  s6_3 |     4 | 268.638280 | 268.895970 | -29.188150 | -28.963510 | 
 2018 |  s6_4 |     1 | 268.385040 | 268.643610 | -29.629200 | -29.403960 | 
 2018 |  s6_4 |     2 | 268.893240 | 269.153660 | -29.628250 | -29.402020 | 
 2018 |  s6_4 |     3 | 268.892850 | 269.150600 | -29.189310 | -28.962920 | 
 2018 |  s6_4 |     4 | 268.386050 | 268.643250 | -29.188360 | -28.963090 | 
 2019 |  c1_1 |     1 | 265.803340 | 266.062010 | -28.952220 | -28.726880 | 
 2019 |  c1_1 |     2 | 266.309460 | 266.567420 | -28.953150 | -28.728140 | 
 2019 |  c1_1 |     3 | 266.311340 | 266.567200 | -28.514210 | -28.288980 | 
 2019 |  c1_1 |     4 | 265.807490 | 266.063410 | -28.511930 | -28.285920 | 
 2019 |  c1_2 |     1 | 266.053790 | 266.311970 | -28.957170 | -28.732210 | 
 2019 |  c1_2 |     2 | 266.559890 | 266.817410 | -28.958090 | -28.733600 | 
 2019 |  c1_2 |     3 | 266.561820 | 266.817520 | -28.519160 | -28.294320 | 
 2019 |  c1_2 |     4 | 266.057970 | 266.313720 | -28.516830 | -28.291140 | 
 2019 |  c1_3 |     1 | 266.061140 | 266.317870 | -28.736080 | -28.511550 | 
 2019 |  c1_3 |     2 | 266.566160 | 266.822520 | -28.736990 | -28.513000 | 
 2019 |  c1_3 |     3 | 266.568020 | 266.822380 | -28.298050 | -28.073720 | 
 2019 |  c1_3 |     4 | 266.065130 | 266.319660 | -28.295740 | -28.070540 | 
 2019 |  c1_4 |     1 | 265.810580 | 266.067480 | -28.731180 | -28.506260 | 
 2019 |  c1_4 |     2 | 266.315740 | 266.572080 | -28.732090 | -28.507670 | 
 2019 |  c1_4 |     3 | 266.317630 | 266.571960 | -28.293170 | -28.068370 | 
 2019 |  c1_4 |     4 | 265.814620 | 266.069140 | -28.290790 | -28.065290 | 
 2019 |  c2_1 |     1 | 265.352030 | 265.611550 | -29.828120 | -29.603620 | 
 2019 |  c2_1 |     2 | 265.862530 | 266.121520 | -29.829020 | -29.605020 | 
 2019 |  c2_1 |     3 | 265.864320 | 266.121410 | -29.390080 | -29.165760 | 
 2019 |  c2_1 |     4 | 265.356240 | 265.613240 | -29.387890 | -29.162570 | 
 2019 |  c2_2 |     1 | 265.605050 | 265.864680 | -29.834040 | -29.609510 | 
 2019 |  c2_2 |     2 | 266.115590 | 266.374590 | -29.834930 | -29.610980 | 
 2019 |  c2_2 |     3 | 266.117530 | 266.374510 | -29.396000 | -29.171670 | 
 2019 |  c2_2 |     4 | 265.609280 | 265.866450 | -29.393730 | -29.168670 | 
 2019 |  c2_3 |     1 | 265.612120 | 265.871920 | -29.613480 | -29.388710 | 
 2019 |  c2_3 |     2 | 266.121590 | 266.380790 | -29.614300 | -29.390010 | 
 2019 |  c2_3 |     3 | 266.123400 | 266.380660 | -29.175320 | -28.950790 | 
 2019 |  c2_3 |     4 | 265.616300 | 265.873720 | -29.173160 | -28.947780 | 
 2019 |  c2_4 |     1 | 265.360190 | 265.619640 | -29.607930 | -29.382590 | 
 2019 |  c2_4 |     2 | 265.869530 | 266.128320 | -29.608810 | -29.383960 | 
 2019 |  c2_4 |     3 | 265.871370 | 266.128380 | -29.169800 | -28.944840 | 
 2019 |  c2_4 |     4 | 265.364320 | 265.621360 | -29.167470 | -28.941540 | 
 2019 |  c3_1 |     1 | 266.805000 | 267.062470 | -28.962040 | -28.737590 | 
 2019 |  c3_1 |     2 | 267.311300 | 267.568020 | -28.963050 | -28.739010 | 
 2019 |  c3_1 |     3 | 267.313090 | 267.567990 | -28.524090 | -28.299800 | 
 2019 |  c3_1 |     4 | 266.809100 | 267.064170 | -28.521840 | -28.296620 | 
 2019 |  c3_2 |     1 | 267.055260 | 267.312650 | -28.966290 | -28.741010 | 
 2019 |  c3_2 |     2 | 267.561210 | 267.818170 | -28.967260 | -28.742390 | 
 2019 |  c3_2 |     3 | 267.563210 | 267.818300 | -28.528290 | -28.303290 | 
 2019 |  c3_2 |     4 | 267.059140 | 267.314430 | -28.525940 | -28.300090 | 
 2019 |  c3_3 |     1 | 267.060100 | 267.317000 | -28.744440 | -28.519930 | 
 2019 |  c3_3 |     2 | 267.565230 | 267.821520 | -28.745330 | -28.521370 | 
 2019 |  c3_3 |     3 | 267.567190 | 267.821420 | -28.306380 | -28.082150 | 
 2019 |  c3_3 |     4 | 267.064220 | 267.318770 | -28.304150 | -28.078910 | 
 2019 |  c3_4 |     1 | 266.809890 | 267.067170 | -28.741960 | -28.516880 | 
 2019 |  c3_4 |     2 | 267.314750 | 267.571460 | -28.742860 | -28.518420 | 
 2019 |  c3_4 |     3 | 267.316790 | 267.571570 | -28.303900 | -28.079170 | 
 2019 |  c3_4 |     4 | 266.813880 | 267.068760 | -28.301630 | -28.075930 | 
 2019 |  c4_1 |     1 | 266.362000 | 266.621600 | -29.841930 | -29.617430 | 
 2019 |  c4_1 |     2 | 266.872460 | 267.131650 | -29.842780 | -29.618800 | 
 2019 |  c4_1 |     3 | 266.874420 | 267.131360 | -29.403840 | -29.179460 | 
 2019 |  c4_1 |     4 | 266.366090 | 266.623290 | -29.401570 | -29.176400 | 
 2019 |  c4_2 |     1 | 266.614720 | 266.874240 | -29.846160 | -29.621700 | 
 2019 |  c4_2 |     2 | 267.125260 | 267.384300 | -29.847090 | -29.623060 | 
 2019 |  c4_2 |     3 | 267.127080 | 267.384120 | -29.408140 | -29.183820 | 
 2019 |  c4_2 |     4 | 266.618810 | 266.875950 | -29.405880 | -29.180680 | 
 2019 |  c4_3 |     1 | 266.620520 | 266.879570 | -29.625060 | -29.400580 | 
 2019 |  c4_3 |     2 | 267.129930 | 267.388410 | -29.625960 | -29.402030 | 
 2019 |  c4_3 |     3 | 267.131840 | 267.388280 | -29.187060 | -28.962750 | 
 2019 |  c4_3 |     4 | 266.624590 | 266.881280 | -29.184710 | -28.959630 | 
 2019 |  c4_4 |     1 | 266.367730 | 266.626870 | -29.621390 | -29.396840 | 
 2019 |  c4_4 |     2 | 266.877270 | 267.135690 | -29.622280 | -29.398300 | 
 2019 |  c4_4 |     3 | 266.879140 | 267.135490 | -29.183330 | -28.959050 | 
 2019 |  c4_4 |     4 | 266.371940 | 266.628450 | -29.181100 | -28.955960 | 
 2019 |  s1_1 |     1 | 267.121370 | 267.376610 | -28.080600 | -27.856100 | 
 2019 |  s1_1 |     2 | 267.623280 | 267.877890 | -28.081530 | -27.857520 | 
 2019 |  s1_1 |     3 | 267.625250 | 267.878020 | -27.642580 | -27.418310 | 
 2019 |  s1_1 |     4 | 267.125410 | 267.378270 | -27.640300 | -27.415170 | 
 2019 |  s1_2 |     1 | 267.369800 | 267.625140 | -28.083650 | -27.859210 | 
 2019 |  s1_2 |     2 | 267.871910 | 268.126400 | -28.084650 | -27.860640 | 
 2019 |  s1_2 |     3 | 267.873790 | 268.126560 | -27.645670 | -27.421410 | 
 2019 |  s1_2 |     4 | 267.373930 | 267.626810 | -27.643450 | -27.418340 | 
 2019 |  s1_3 |     1 | 267.373890 | 267.628720 | -27.862680 | -27.638260 | 
 2019 |  s1_3 |     2 | 267.874880 | 268.129130 | -27.863630 | -27.639650 | 
 2019 |  s1_3 |     3 | 267.876860 | 268.129240 | -27.424690 | -27.200500 | 
 2019 |  s1_3 |     4 | 267.378030 | 267.630340 | -27.422430 | -27.197250 | 
 2019 |  s1_4 |     1 | 267.125090 | 267.379800 | -27.860470 | -27.636000 | 
 2019 |  s1_4 |     2 | 267.626070 | 267.880200 | -27.861360 | -27.637440 | 
 2019 |  s1_4 |     3 | 267.628030 | 267.880320 | -27.422430 | -27.198180 | 
 2019 |  s1_4 |     4 | 267.129250 | 267.381590 | -27.420200 | -27.194910 | 
 2019 |  s2_1 |     1 | 266.461510 | 266.723450 | -30.726780 | -30.502070 | 
 2019 |  s2_1 |     2 | 266.976610 | 267.238010 | -30.727610 | -30.503430 | 
 2019 |  s2_1 |     3 | 266.978490 | 267.237790 | -30.288690 | -30.064220 | 
 2019 |  s2_1 |     4 | 266.465820 | 266.725170 | -30.286450 | -30.060970 | 
 2019 |  s2_2 |     1 | 266.716620 | 266.978490 | -30.730200 | -30.505800 | 
 2019 |  s2_2 |     2 | 267.231720 | 267.493080 | -30.731120 | -30.507180 | 
 2019 |  s2_2 |     3 | 267.233660 | 267.492880 | -30.292140 | -30.067940 | 
 2019 |  s2_2 |     4 | 266.720770 | 266.980180 | -30.289920 | -30.064740 | 
 2019 |  s2_3 |     1 | 266.721970 | 266.983430 | -30.509370 | -30.284730 | 
 2019 |  s2_3 |     2 | 267.236030 | 267.496930 | -30.510190 | -30.286160 | 
 2019 |  s2_3 |     3 | 267.237930 | 267.496520 | -30.071250 | -29.846890 | 
 2019 |  s2_3 |     4 | 266.726270 | 266.985130 | -30.068940 | -29.843820 | 
 2019 |  s2_4 |     1 | 266.467180 | 266.728590 | -30.505630 | -30.281090 | 
 2019 |  s2_4 |     2 | 266.981190 | 267.242110 | -30.506490 | -30.282490 | 
 2019 |  s2_4 |     3 | 266.983130 | 267.241760 | -30.067490 | -29.843240 | 
 2019 |  s2_4 |     4 | 266.471580 | 266.730330 | -30.065250 | -29.840050 | 
 2019 |  s3_1 |     1 | 268.115110 | 268.370130 | -28.082340 | -27.857770 | 
 2019 |  s3_1 |     2 | 268.616720 | 268.871300 | -28.083270 | -27.859090 | 
 2019 |  s3_1 |     3 | 268.618610 | 268.871440 | -27.644340 | -27.420020 | 
 2019 |  s3_1 |     4 | 268.118640 | 268.371830 | -27.642060 | -27.416780 | 
 2019 |  s3_2 |     1 | 268.363770 | 268.619070 | -28.083680 | -27.858760 | 
 2019 |  s3_2 |     2 | 268.865400 | 269.120250 | -28.084510 | -27.860050 | 
 2019 |  s3_2 |     3 | 268.867270 | 269.120380 | -27.645650 | -27.421060 | 
 2019 |  s3_2 |     4 | 268.367560 | 268.620850 | -27.643360 | -27.417830 | 
 2019 |  s3_3 |     1 | 268.365540 | 268.620360 | -27.862970 | -27.637760 | 
 2019 |  s3_3 |     2 | 268.866300 | 269.120650 | -27.863850 | -27.639120 | 
 2019 |  s3_3 |     3 | 268.868160 | 269.120870 | -27.424950 | -27.200070 | 
 2019 |  s3_3 |     4 | 268.369360 | 268.622240 | -27.422690 | -27.196900 | 
 2019 |  s3_4 |     1 | 268.116920 | 268.371400 | -27.861320 | -27.636960 | 
 2019 |  s3_4 |     2 | 268.617740 | 268.871630 | -27.862170 | -27.638230 | 
 2019 |  s3_4 |     3 | 268.619620 | 268.871710 | -27.423290 | -27.199190 | 
 2019 |  s3_4 |     4 | 268.120720 | 268.373080 | -27.421040 | -27.196050 | 
 2019 |  s4_1 |     1 | 267.806740 | 268.063970 | -28.965510 | -28.741090 | 
 2019 |  s4_1 |     2 | 268.312860 | 268.569400 | -28.966390 | -28.742490 | 
 2019 |  s4_1 |     3 | 268.314650 | 268.569300 | -28.527480 | -28.303420 | 
 2019 |  s4_1 |     4 | 267.810840 | 268.065580 | -28.525210 | -28.300230 | 
 2019 |  s4_2 |     1 | 268.057440 | 268.314610 | -28.967110 | -28.742860 | 
 2019 |  s4_2 |     2 | 268.563470 | 268.820040 | -28.968050 | -28.744120 | 
 2019 |  s4_2 |     3 | 268.565390 | 268.820070 | -28.529200 | -28.305070 | 
 2019 |  s4_2 |     4 | 268.061570 | 268.316410 | -28.526890 | -28.301940 | 
 2019 |  s4_3 |     1 | 268.060060 | 268.316550 | -28.746550 | -28.522200 | 
 2019 |  s4_3 |     2 | 268.564920 | 268.820840 | -28.747510 | -28.523510 | 
 2019 |  s4_3 |     3 | 268.566750 | 268.820850 | -28.308560 | -28.084500 | 
 2019 |  s4_3 |     4 | 268.063830 | 268.318240 | -28.306300 | -28.081250 | 
 2019 |  s4_4 |     1 | 267.809290 | 268.067820 | -28.745990 | -28.520040 | 
 2019 |  s4_4 |     2 | 268.314340 | 268.571890 | -28.746990 | -28.521440 | 
 2019 |  s4_4 |     3 | 268.316140 | 268.572050 | -28.308190 | -28.082390 | 
 2019 |  s4_4 |     4 | 267.813300 | 268.069540 | -28.305850 | -28.079100 | 
 2019 |  s5_1 |     1 | 267.362400 | 267.631590 | -29.848830 | -29.624260 | 
 2019 |  s5_1 |     2 | 267.872640 | 268.141410 | -29.849800 | -29.625600 | 
 2019 |  s5_1 |     3 | 267.874450 | 268.141180 | -29.410970 | -29.186550 | 
 2019 |  s5_1 |     4 | 267.366280 | 267.633180 | -29.408660 | -29.183410 | 
 2019 |  s5_2 |     1 | 267.615200 | 267.883870 | -29.851050 | -29.626080 | 
 2019 |  s5_2 |     2 | 268.125500 | 268.393840 | -29.851830 | -29.627580 | 
 2019 |  s5_2 |     3 | 268.127250 | 268.393620 | -29.412950 | -29.188390 | 
 2019 |  s5_2 |     4 | 267.619110 | 267.885570 | -29.410800 | -29.185170 | 
 2019 |  s5_3 |     1 | 267.628500 | 267.887190 | -29.630190 | -29.405840 | 
 2019 |  s5_3 |     2 | 268.137740 | 268.396010 | -29.631120 | -29.407130 | 
 2019 |  s5_3 |     3 | 268.139590 | 268.395750 | -29.192180 | -28.967990 | 
 2019 |  s5_3 |     4 | 267.632330 | 267.888940 | -29.189890 | -28.964910 | 
 2019 |  s5_4 |     1 | 267.376010 | 267.634560 | -29.627570 | -29.403060 | 
 2019 |  s5_4 |     2 | 267.885130 | 268.143390 | -29.628420 | -29.404530 | 
 2019 |  s5_4 |     3 | 267.886850 | 268.143090 | -29.189530 | -28.965380 | 
 2019 |  s5_4 |     4 | 267.379640 | 267.636210 | -29.187340 | -28.962330 | 
 2019 |  s6_1 |     1 | 268.382310 | 268.641700 | -29.848180 | -29.623290 | 
 2019 |  s6_1 |     2 | 268.892660 | 269.151540 | -29.849110 | -29.624900 | 
 2019 |  s6_1 |     3 | 268.894470 | 269.151450 | -29.410180 | -29.185850 | 
 2019 |  s6_1 |     4 | 268.386410 | 268.643460 | -29.407860 | -29.182460 | 
 2019 |  s6_2 |     1 | 268.634970 | 268.894250 | -29.848170 | -29.623710 | 
 2019 |  s6_2 |     2 | 269.145350 | 269.404110 | -29.849030 | -29.625130 | 
 2019 |  s6_2 |     3 | 269.147240 | 269.404000 | -29.410170 | -29.186040 | 
 2019 |  s6_2 |     4 | 268.639130 | 268.896030 | -29.407890 | -29.182800 | 
 2019 |  s6_3 |     1 | 268.636040 | 268.894900 | -29.627550 | -29.403000 | 
 2019 |  s6_3 |     2 | 269.145380 | 269.403620 | -29.628450 | -29.404520 | 
 2019 |  s6_3 |     3 | 269.147240 | 269.403530 | -29.189530 | -28.965390 | 
 2019 |  s6_3 |     4 | 268.640110 | 268.896790 | -29.187240 | -28.962080 | 
 2019 |  s6_4 |     1 | 268.383460 | 268.642730 | -29.627850 | -29.402250 | 
 2019 |  s6_4 |     2 | 268.892640 | 269.151500 | -29.628830 | -29.403680 | 
 2019 |  s6_4 |     3 | 268.894480 | 269.151390 | -29.189950 | -28.964610 | 
 2019 |  s6_4 |     4 | 268.387340 | 268.644560 | -29.187700 | -28.961340 | 
