         name |     RA    |     Dec   |       name     |     RA    |     Dec   |  offset | ukirtDetect |   correctT0 | 
2015-BLG-0016 | 263.90767 | -27.71631 | UK2015_5_2_C23218 | 263.90765 | -27.71632 |    0.07 |   0 |   0 | 
2015-BLG-0017 | 263.88400 | -27.04314 | UK2015_6_3_C28715 | 263.88401 | -27.04316 |    0.08 |   0 |   0 | 
2015-BLG-0069 | 263.31429 | -27.50339 | UK2015_6_1_C19757 | 263.31428 | -27.50340 |    0.05 |   0 |   0 | 
2015-BLG-0070 | 264.16612 | -27.40853 | UK2015_23_4_C57218 | 264.16614 | -27.40852 |    0.06 |   0 |   0 | 
2015-BLG-0108 | 263.92554 | -26.98917 | UK2015_6_3_C50906 | 263.92553 | -26.98919 |    0.09 |   0 |   0 | 
2015-BLG-0164 | 264.49375 | -27.17811 | UK2015_21_4_C59325 | 264.49372 | -27.17812 |    0.10 |   0 |   1 | 
2015-BLG-0188 | 264.49350 | -29.11608 | UK2015_32_2_C33728 | 264.49356 | -29.11589 |    0.72 |   0 |   0 | 
2015-BLG-0193 | 263.23821 | -29.91756 | UK2015_44_1_C49718 | 263.23823 | -29.91755 |    0.07 |   0 |   1 | 
2015-BLG-0208 | 265.82192 | -27.20156 | UK2015_11_3_C50874 | 265.82190 | -27.20154 |    0.08 |   0 |   0 | 
2015-BLG-0240 | 264.18404 | -27.72058 | UK2015_24_1_C20954 | 264.18402 | -27.72061 |    0.12 |   0 |   0 | 
2015-BLG-0268 | 264.53896 | -27.16044 | UK2015_24_3_C67393 | 264.53896 | -27.16045 |    0.02 |   0 |   0 | 
2015-BLG-0311 | 263.72663 | -30.08800 | UK2015_43_2_C59138 | 263.72696 | -30.08823 |    1.33 |   0 |   0 | 
2015-BLG-0387 | 265.27254 | -27.57547 | UK2015_14_1_C78000 | 265.27253 | -27.57547 |    0.04 |   0 |   0 | 
2015-BLG-0401 | 264.08117 | -27.77414 | UK2015_24_1_C915 | 264.08121 | -27.77413 |    0.14 |   0 |   1 | 
2015-BLG-0402 | 264.54554 | -27.27097 | UK2015_24_3_C25939 | 264.54553 | -27.27097 |    0.04 |   0 |   0 | 
2015-BLG-0431 | 264.03050 | -27.71658 | UK2015_24_1_C22434 | 264.03033 | -27.71667 |    0.63 |   0 |   0 | 
2015-BLG-0511 | 264.06088 | -27.68775 | UK2015_24_1_C33352 | 264.06085 | -27.68743 |    1.15 |   0 |   0 | 
2015-BLG-0512 | 264.14308 | -27.18858 | UK2015_24_4_C55823 | 264.14307 | -27.18856 |    0.09 |   0 |   0 | 
2015-BLG-0555 | 264.66642 | -27.35406 | UK2015_23_3_C77091 | 264.66647 | -27.35340 |    2.37 |   0 |   0 | 
2015-BLG-0556 | 264.52133 | -28.90408 | UK2015_31_2_C33820 | 264.52125 | -28.90415 |    0.36 |   0 |   0 | 
2015-BLG-0599 | 263.82717 | -28.90086 | UK2015_34_1_C27881 | 263.82718 | -28.90085 |    0.06 |   0 |   1 | 
2015-BLG-0627 | 264.47854 | -27.22847 | UK2015_21_4_C39895 | 264.47856 | -27.22849 |    0.09 |   0 |   0 | 
2015-BLG-0632 | 265.06021 | -27.66092 | UK2015_14_1_C44679 | 265.06008 | -27.66134 |    1.58 |   0 |   0 | 
2015-BLG-0633 | 264.66646 | -27.35403 | UK2015_23_3_C77091 | 264.66647 | -27.35340 |    2.26 |   0 |   0 | 
2015-BLG-0749 | 264.95571 | -27.51172 | UK2015_22_3_C17054 | 264.95560 | -27.51167 |    0.39 |   1 |   1 | 
2015-BLG-0768 | 264.57979 | -27.46733 | UK2015_23_3_C34272 | 264.57985 | -27.46729 |    0.24 |   0 |   1 | 
2015-BLG-0769 | 265.67008 | -27.36883 | UK2015_13_3_C70380 | 265.67004 | -27.36888 |    0.22 |   1 |   1 | 
2015-BLG-0770 | 264.93633 | -27.36169 | UK2015_22_3_C72599 | 264.93632 | -27.36170 |    0.05 |   0 |   1 | 
2015-BLG-0803 | 263.46167 | -26.95006 | UK2015_6_4_C63597 | 263.46187 | -26.95001 |    0.67 |   0 |   0 | 
2015-BLG-0831 | 264.45392 | -29.06450 | UK2015_32_2_C54683 | 264.45392 | -29.06453 |    0.11 |   0 |   1 | 
2015-BLG-0832 | 264.13192 | -29.05686 | UK2015_32_1_C55654 | 264.13189 | -29.05688 |    0.11 |   0 |   0 | 
2015-BLG-0833 | 265.03671 | -27.17289 | UK2015_14_4_C72007 | 265.03670 | -27.17286 |    0.11 |   0 |   0 | 
2015-BLG-0864 | 264.46692 | -27.17917 | UK2015_21_4_C58917 | 264.46690 | -27.17915 |    0.08 |   0 |   1 | 
2015-BLG-0903 | 265.61000 | -27.45953 | UK2015_13_3_C37508 | 265.61003 | -27.45948 |    0.20 |   0 |   0 | 
2015-BLG-0944 | 265.25800 | -27.85381 | UK2015_13_1_C52005 | 265.25797 | -27.85382 |    0.11 |   1 |   1 | 
2015-BLG-0982 | 264.30313 | -27.11533 | UK2015_21_4_C84217 | 264.30365 | -27.11548 |    1.76 |   0 |   0 | 
2015-BLG-0994 | 264.19913 | -27.19294 | UK2015_24_4_C54104 | 264.19970 | -27.19297 |    1.84 |   0 |   1 | 
2015-BLG-1008 | 265.25929 | -27.89000 | UK2015_13_1_C38422 | 265.25933 | -27.89000 |    0.12 |   0 |   0 | 
2015-BLG-1100 | 263.66904 | -29.88519 | UK2015_44_2_C84175 | 263.66910 | -29.88524 |    0.25 |   1 |   1 | 
2015-BLG-1113 | 264.27721 | -27.29908 | UK2015_24_4_C13614 | 264.27724 | -27.29909 |    0.10 |   0 |   1 | 
2015-BLG-1175 | 263.34254 | -27.09272 | UK2015_6_4_C6810 | 263.34223 | -27.09284 |    1.09 |   0 |   1 | 
2015-BLG-1223 | 265.69033 | -27.52833 | UK2015_13_3_C11284 | 265.69033 | -27.52836 |    0.10 |   1 |   1 | 
2015-BLG-1224 | 265.38779 | -27.44711 | UK2015_12_4_C49481 | 265.38804 | -27.44743 |    1.40 |   0 |   1 | 
2015-BLG-1225 | 265.11825 | -27.19344 | UK2015_14_4_C62708 | 265.11827 | -27.19400 |    2.00 |   0 |   1 | 
2015-BLG-1236 | 265.42138 | -27.80928 | UK2015_12_1_C77892 | 265.42137 | -27.80926 |    0.07 |   1 |   1 | 
2015-BLG-1285 | 264.84688 | -27.82028 | UK2015_22_2_C64559 | 264.84687 | -27.82028 |    0.02 |   1 |   1 | 
2015-BLG-1309 | 264.69325 | -27.47947 | UK2015_23_3_C29605 | 264.69328 | -27.47944 |    0.15 |   0 |   1 | 
2015-BLG-1311 | 265.25742 | -27.12444 | UK2015_14_4_C93538 | 265.25764 | -27.12462 |    0.95 |   0 |   1 | 
2015-BLG-1352 | 265.14187 | -27.33831 | UK2015_13_4_C78250 | 265.14186 | -27.33831 |    0.05 |   1 |   1 | 
2015-BLG-1392 | 264.09512 | -27.29892 | UK2015_24_4_C13692 | 264.09517 | -27.29891 |    0.15 |   1 |   1 | 
2015-BLG-1423 | 264.43667 | -28.95647 | UK2015_31_2_C8570 | 264.43668 | -28.95649 |    0.08 |   0 |   1 | 
2015-BLG-1424 | 264.06329 | -29.64283 | UK2015_42_3_C61412 | 264.06328 | -29.64286 |    0.10 |   1 |   1 | 
2015-BLG-1437 | 265.90683 | -27.37333 | UK2015_12_3_C75272 | 265.90683 | -27.37334 |    0.03 |   1 |   1 | 
2015-BLG-1442 | 263.74158 | -28.77853 | UK2015_34_1_C76260 | 263.74159 | -28.77845 |    0.28 |   1 |   1 | 
2015-BLG-1453 | 265.05358 | -27.37653 | UK2015_13_4_C63931 | 265.05351 | -27.37653 |    0.23 |   1 |   1 | 
2015-BLG-1468 | 264.08367 | -28.79136 | UK2015_31_1_C69846 | 264.08369 | -28.79140 |    0.16 |   1 |   1 | 
2015-BLG-1483 | 264.08908 | -27.16622 | UK2015_24_4_C64560 | 264.08905 | -27.16624 |    0.12 |   0 |   1 | 
2015-BLG-1484 | 264.05642 | -27.13536 | UK2015_24_4_C76543 | 264.05640 | -27.13538 |    0.09 |   0 |   1 | 
2015-BLG-1550 | 264.34204 | -27.28381 | UK2015_21_4_C19099 | 264.34123 | -27.28374 |    2.61 |   0 |   1 | 
2015-BLG-1557 | 264.26942 | -28.75258 | UK2015_33_3_C532 | 264.26944 | -28.75259 |    0.08 |   1 |   1 | 
2015-BLG-1614 | 265.00162 | -27.75333 | UK2015_21_2_C8791 | 265.00161 | -27.75337 |    0.14 |   0 |   1 | 
2015-BLG-1636 | 263.58417 | -30.10625 | UK2015_42_1_C53753 | 263.58409 | -30.10626 |    0.24 |   0 |   1 | 
2015-BLG-1640 | 265.54583 | -27.52653 | UK2015_13_3_C11943 | 265.54581 | -27.52657 |    0.17 |   0 |   1 | 
2015-BLG-1641 | 264.85129 | -27.60311 | UK2015_21_2_C65466 | 264.85116 | -27.60336 |    0.99 |   0 |   1 | 
2015-BLG-1655 | 263.91117 | -27.21972 | UK2015_5_3_C56409 | 263.91108 | -27.21982 |    0.45 |   0 |   0 | 
2015-BLG-1663 | 265.48471 | -27.51525 | UK2015_12_4_C20661 | 265.48466 | -27.51524 |    0.16 |   0 |   1 | 
2015-BLG-1693 | 265.72254 | -27.27958 | UK2015_14_3_C22631 | 265.72253 | -27.27958 |    0.04 |   0 |   0 | 
2015-BLG-1718 | 264.05171 | -28.75686 | UK2015_31_1_C83788 | 264.05170 | -28.75686 |    0.03 |   0 |   0 | 
2015-BLG-1725 | 265.19629 | -27.61283 | UK2015_14_1_C63495 | 265.19622 | -27.61286 |    0.25 |   0 |   1 | 
2015-BLG-1738 | 264.70629 | -27.80278 | UK2015_23_2_C74652 | 264.70652 | -27.80226 |    2.00 |   0 |   0 | 
2015-BLG-1761 | 264.30621 | -27.31144 | UK2015_21_4_C8972 | 264.30626 | -27.31148 |    0.21 |   0 |   0 | 
2015-BLG-1765 | 263.71433 | -29.67975 | UK2015_43_3_C47646 | 263.71429 | -29.67976 |    0.14 |   0 |   1 | 
2015-BLG-1766 | 265.66204 | -27.41897 | UK2015_13_3_C52614 | 265.66209 | -27.41887 |    0.40 |   1 |   1 | 
2015-BLG-1805 | 263.99437 | -27.43733 | UK2015_6_2_C42890 | 263.99435 | -27.43732 |    0.09 |   0 |   0 | 
2015-BLG-1806 | 263.89812 | -27.14272 | UK2015_5_3_C94525 | 263.89810 | -27.14274 |    0.10 |   0 |   0 | 
2015-BLG-1820 | 263.83862 | -28.99486 | UK2015_33_1_C75600 | 263.83862 | -28.99487 |    0.04 |   0 |   0 | 
2015-BLG-1837 | 264.04050 | -27.52597 | UK2015_23_4_C11978 | 264.04094 | -27.52614 |    1.53 |   0 |   0 | 
2015-BLG-1838 | 263.49054 | -27.63253 | UK2015_5_1_C58846 | 263.49053 | -27.63255 |    0.09 |   0 |   0 | 
2015-BLG-1842 | 265.37258 | -27.79167 | UK2015_12_1_C85842 | 265.37260 | -27.79163 |    0.14 |   0 |   0 | 
2015-BLG-1851 | 264.77117 | -27.30828 | UK2015_24_3_C11779 | 264.77125 | -27.30824 |    0.30 |   0 |   0 | 
2015-BLG-1910 | 263.47025 | -27.25353 | UK2015_5_4_C40966 | 263.47021 | -27.25351 |    0.14 |   0 |   0 | 
2015-BLG-1950 | 265.88475 | -27.34647 | UK2015_12_3_C85659 | 265.88470 | -27.34647 |    0.16 |   0 |   0 | 
2015-BLG-1963 | 264.87825 | -27.36878 | UK2015_22_3_C70017 | 264.87825 | -27.36880 |    0.08 |   0 |   0 | 
2015-BLG-1980 | 264.73754 | -27.83586 | UK2015_23_2_C61345 | 264.73758 | -27.83592 |    0.24 |   0 |   0 | 
2015-BLG-1993 | 264.76137 | -27.22819 | UK2015_24_3_C42178 | 264.76138 | -27.22821 |    0.06 |   0 |   0 | 
2015-BLG-2016 | 263.28233 | -29.45492 | UK2015_44_4_C79576 | 263.28234 | -29.45492 |    0.02 |   0 |   0 | 
2015-BLG-2023 | 265.60621 | -27.32764 | UK2015_14_3_C4011 | 265.60676 | -27.32798 |    2.15 |   0 |   0 | 
2015-BLG-2118 | 263.84504 | -26.90794 | UK2015_6_3_C83434 | 263.84507 | -26.90797 |    0.13 |   0 |   0 | 
2015-BLG-2120 | 264.02688 | -29.72564 | UK2015_42_3_C29933 | 264.02694 | -29.72506 |    2.09 |   0 |   0 | 
2016-BLG-0060 | 265.14062 | -27.64772 | UK2015_14_1_C49978 | 265.14060 | -27.64774 |    0.10 |   0 |   0 | 
2016-BLG-0104 | 265.39758 | -27.18733 | UK2015_11_4_C53857 | 265.39722 | -27.18759 |    1.49 |   0 |   0 | 
2016-BLG-0148 | 264.05971 | -27.45328 | UK2015_23_4_C40126 | 264.05969 | -27.45325 |    0.12 |   0 |   0 | 
2016-BLG-0171 | 263.85983 | -28.97372 | UK2015_33_1_C83955 | 263.85981 | -28.97372 |    0.07 |   0 |   0 | 
2016-BLG-0172 | 264.53317 | -28.45908 | UK2015_31_3_C42113 | 264.53317 | -28.45909 |    0.03 |   0 |   0 | 
2016-BLG-0174 | 263.16967 | -29.88681 | UK2015_44_1_C64525 | 263.16967 | -29.88681 |    0.02 |   0 |   0 | 
2016-BLG-0175 | 263.30667 | -29.70589 | UK2015_43_4_C37038 | 263.30672 | -29.70590 |    0.17 |   0 |   0 | 
2016-BLG-0187 | 264.30346 | -27.34819 | UK2015_22_4_C76804 | 264.30305 | -27.34796 |    1.55 |   0 |   0 | 
2016-BLG-0190 | 264.47904 | -28.55886 | UK2015_32_3_C79353 | 264.47904 | -28.55887 |    0.03 |   0 |   0 | 
2016-BLG-0214 | 263.91279 | -28.79031 | UK2015_34_1_C71499 | 263.91274 | -28.79027 |    0.21 |   0 |   0 | 
2016-BLG-0232 | 263.70025 | -29.43911 | UK2015_44_3_C80835 | 263.70024 | -29.43911 |    0.03 |   0 |   0 | 
2016-BLG-0233 | 265.58408 | -27.89139 | UK2015_13_2_C37510 | 265.58428 | -27.89123 |    0.85 |   0 |   0 | 
2016-BLG-0234 | 265.54688 | -27.56428 | UK2015_14_2_C81506 | 265.54677 | -27.56425 |    0.35 |   0 |   0 | 
2016-BLG-0260 | 264.44725 | -28.77778 | UK2015_31_2_C93669 | 264.44720 | -28.77776 |    0.17 |   0 |   0 | 
2016-BLG-0272 | 264.25596 | -28.43744 | UK2015_34_3_C50412 | 264.25597 | -28.43744 |    0.04 |   0 |   0 | 
2016-BLG-0328 | 263.53958 | -29.85922 | UK2015_41_1_C64195 | 263.53958 | -29.85924 |    0.06 |   0 |   0 | 
2016-BLG-0368 | 264.11312 | -30.24244 | UK2015_42_2_C184 | 264.11241 | -30.24167 |    3.57 |   0 |   0 | 
2016-BLG-0372 | 265.84096 | -27.35725 | UK2015_12_3_C81487 | 265.84093 | -27.35726 |    0.10 |   0 |   0 | 
2016-BLG-0375 | 263.77454 | -27.23917 | UK2015_5_3_C46971 | 263.77450 | -27.23917 |    0.13 |   0 |   0 | 
2016-BLG-0418 | 263.95700 | -29.57581 | UK2015_41_3_C3774 | 263.95704 | -29.57582 |    0.14 |   0 |   0 | 
2016-BLG-0426 | 263.95204 | -29.57394 | UK2015_41_3_C4698 | 263.95198 | -29.57388 |    0.30 |   0 |   0 | 
2016-BLG-0427 | 263.96146 | -29.56739 | UK2015_41_3_C7814 | 263.96147 | -29.56740 |    0.05 |   0 |   0 | 
2016-BLG-0428 | 264.64979 | -27.26461 | UK2015_24_3_C28410 | 264.64978 | -27.26463 |    0.08 |   0 |   0 | 
2016-BLG-0444 | 263.92183 | -27.77156 | UK2015_5_2_C704 | 263.92183 | -27.77154 |    0.06 |   0 |   0 | 
2016-BLG-0448 | 264.34567 | -29.03831 | UK2015_33_2_C57560 | 264.34568 | -29.03833 |    0.10 |   0 |   0 | 
2016-BLG-0455 | 263.37421 | -27.22106 | UK2015_5_4_C56919 | 263.37417 | -27.22104 |    0.13 |   0 |   0 | 
2016-BLG-0487 | 263.90504 | -27.53033 | UK2015_6_2_C8114 | 263.90566 | -27.53012 |    2.12 |   0 |   0 | 
2016-BLG-0488 | 264.40779 | -27.14381 | UK2015_21_4_C73056 | 264.40798 | -27.14332 |    1.85 |   0 |   0 | 
2016-BLG-0501 | 264.51712 | -28.72872 | UK2015_32_3_C10119 | 264.51711 | -28.72875 |    0.11 |   0 |   0 | 
2016-BLG-0608 | 265.74833 | -27.74200 | UK2015_14_2_C13449 | 265.74831 | -27.74192 |    0.30 |   0 |   0 | 
2016-BLG-0622 | 263.41458 | -27.74997 | UK2015_5_1_C9435 | 263.41458 | -27.74996 |    0.05 |   0 |   0 | 
2016-BLG-0698 | 263.91700 | -29.00533 | UK2015_33_1_C71458 | 263.91734 | -29.00553 |    1.28 |   0 |   0 | 
2016-BLG-0699 | 263.39454 | -29.37456 | UK2015_41_4_C87557 | 263.39460 | -29.37456 |    0.18 |   0 |   0 | 
2016-BLG-0700 | 265.62942 | -27.19400 | UK2015_14_3_C55307 | 265.63001 | -27.19413 |    1.96 |   0 |   0 | 
2016-BLG-0719 | 264.05992 | -30.21017 | UK2015_42_2_C11630 | 264.05995 | -30.21014 |    0.14 |   0 |   0 | 
2016-BLG-0743 | 265.05704 | -27.54058 | UK2015_13_4_C4845 | 265.05669 | -27.54104 |    1.99 |   0 |   0 | 
2016-BLG-0749 | 265.62650 | -27.25364 | UK2015_14_3_C32755 | 265.62647 | -27.25363 |    0.10 |   0 |   0 | 
2016-BLG-0761 | 263.86125 | -28.67994 | UK2015_33_4_C27189 | 263.86124 | -28.67994 |    0.04 |   0 |   0 | 
2016-BLG-0762 | 263.47258 | -29.63722 | UK2015_42_4_C60858 | 263.47215 | -29.63729 |    1.38 |   0 |   0 | 
2016-BLG-0809 | 263.88817 | -27.64361 | UK2015_5_2_C52292 | 263.88817 | -27.64362 |    0.03 |   0 |   0 | 
2016-BLG-0851 | 263.64196 | -29.75625 | UK2015_43_3_C17959 | 263.64197 | -29.75627 |    0.08 |   0 |   0 | 
2016-BLG-0873 | 265.80538 | -27.21556 | UK2015_11_3_C45613 | 265.80539 | -27.21555 |    0.05 |   0 |   0 | 
2016-BLG-0904 | 263.94404 | -28.41564 | UK2015_31_4_C54583 | 263.94403 | -28.41563 |    0.05 |   0 |   0 | 
2016-BLG-0956 | 264.15354 | -27.50969 | UK2015_23_4_C18554 | 264.15350 | -27.50970 |    0.13 |   0 |   0 | 
2016-BLG-0962 | 263.70154 | -29.81289 | UK2015_44_2_C122077 | 263.70169 | -29.81302 |    0.66 |   0 |   0 | 
2016-BLG-1002 | 264.07375 | -27.23197 | UK2015_24_4_C39211 | 264.07413 | -27.23192 |    1.23 |   0 |   0 | 
2016-BLG-1003 | 264.10512 | -27.18886 | UK2015_24_4_C55527 | 264.10470 | -27.18932 |    2.14 |   0 |   0 | 
2016-BLG-1034 | 263.77496 | -29.92289 | UK2015_44_2_C64620 | 263.77491 | -29.92303 |    0.53 |   0 |   0 | 
2016-BLG-1036 | 263.30237 | -29.75461 | UK2015_43_4_C18467 | 263.30237 | -29.75459 |    0.08 |   0 |   0 | 
2016-BLG-1076 | 264.21087 | -27.72436 | UK2015_24_1_C19605 | 264.21087 | -27.72436 |    0.02 |   0 |   0 | 
2016-BLG-1135 | 264.57650 | -28.74606 | UK2015_32_3_C2996 | 264.57653 | -28.74606 |    0.10 |   0 |   0 | 
2016-BLG-1183 | 265.57746 | -27.52556 | UK2015_13_3_C12338 | 265.57746 | -27.52554 |    0.06 |   0 |   0 | 
2016-BLG-1184 | 265.54563 | -27.64844 | UK2015_14_2_C47836 | 265.54559 | -27.64846 |    0.12 |   0 |   0 | 
2016-BLG-1222 | 264.07533 | -27.41953 | UK2015_23_4_C52976 | 264.07533 | -27.41954 |    0.05 |   0 |   0 | 
2016-BLG-1223 | 263.76833 | -27.41325 | UK2015_6_2_C52530 | 263.76830 | -27.41321 |    0.18 |   0 |   0 | 
2016-BLG-1265 | 265.86779 | -27.52850 | UK2015_12_3_C12237 | 265.86782 | -27.52851 |    0.10 |   0 |   0 | 
2016-BLG-1300 | 265.54404 | -27.24847 | UK2015_14_3_C34587 | 265.54410 | -27.24890 |    1.55 |   0 |   0 | 
2016-BLG-1324 | 264.61450 | -28.40819 | UK2015_31_3_C71547 | 264.61450 | -28.40820 |    0.02 |   0 |   0 | 
2016-BLG-1326 | 264.79188 | -27.94211 | UK2015_22_2_C19010 | 264.79190 | -27.94213 |    0.10 |   0 |   0 | 
2016-BLG-1327 | 266.01288 | -27.33811 | UK2015_12_3_C88871 | 266.01295 | -27.33813 |    0.25 |   0 |   0 | 
2016-BLG-1336 | 265.66450 | -27.53633 | UK2015_13_3_C8196 | 265.66450 | -27.53636 |    0.10 |   0 |   0 | 
2016-BLG-1410 | 263.44071 | -26.97111 | UK2015_6_4_C54958 | 263.44099 | -26.97101 |    0.97 |   0 |   0 | 
2016-BLG-1414 | 264.00187 | -28.90900 | UK2015_31_1_C23971 | 264.00231 | -28.90918 |    1.52 |   0 |   0 | 
2016-BLG-1431 | 263.28863 | -27.58481 | UK2015_5_1_C78853 | 263.28863 | -27.58483 |    0.09 |   0 |   0 | 
2016-BLG-1432 | 263.50696 | -26.93422 | UK2015_6_4_C70220 | 263.50696 | -26.93418 |    0.15 |   0 |   0 | 
2016-BLG-1437 | 263.25771 | -30.00508 | UK2015_44_1_C8385 | 263.25773 | -30.00508 |    0.07 |   0 |   0 | 
2016-BLG-1439 | 265.61996 | -27.57153 | UK2015_14_2_C78649 | 265.61978 | -27.57123 |    1.21 |   0 |   0 | 
2016-BLG-1443 | 265.49037 | -27.90128 | UK2015_12_1_C39643 | 265.49032 | -27.90128 |    0.18 |   0 |   0 | 
2016-BLG-1464 | 264.89271 | -27.47833 | UK2015_22_3_C29703 | 264.89274 | -27.47835 |    0.12 |   0 |   0 | 
2016-BLG-1474 | 265.07608 | -27.65908 | UK2015_14_1_C45532 | 265.07612 | -27.65911 |    0.15 |   0 |   0 | 
2016-BLG-1475 | 264.92304 | -27.67811 | UK2015_21_2_C36585 | 264.92307 | -27.67814 |    0.14 |   0 |   0 | 
2016-BLG-1505 | 263.97029 | -27.27311 | UK2015_5_3_C29851 | 263.97031 | -27.27314 |    0.12 |   0 |   0 | 
2016-BLG-1507 | 264.40029 | -29.19228 | UK2015_33_2_C238 | 264.39986 | -29.19247 |    1.52 |   0 |   0 | 
2016-BLG-1526 | 264.60333 | -27.45497 | UK2015_23_3_C39192 | 264.60341 | -27.45456 |    1.50 |   0 |   0 | 
2016-BLG-1527 | 264.26558 | -27.29431 | UK2015_24_4_C15387 | 264.26559 | -27.29432 |    0.06 |   0 |   0 | 
2016-BLG-1617 | 264.21075 | -27.42958 | UK2015_23_4_C49070 | 264.21077 | -27.42957 |    0.08 |   0 |   0 | 
2016-BLG-1619 | 263.48417 | -29.76864 | UK2015_42_4_C11645 | 263.48435 | -29.76845 |    0.89 |   0 |   0 | 
2016-BLG-1652 | 264.67167 | -27.32236 | UK2015_24_3_C6359 | 264.67168 | -27.32236 |    0.04 |   0 |   0 | 
2016-BLG-1665 | 264.79375 | -27.75469 | UK2015_21_2_C8344 | 264.79368 | -27.75460 |    0.41 |   0 |   0 | 
2016-BLG-1707 | 264.13938 | -27.27381 | UK2015_24_4_C23063 | 264.13951 | -27.27400 |    0.82 |   0 |   0 | 
2016-BLG-1715 | 264.11504 | -29.11181 | UK2015_32_1_C32452 | 264.11501 | -29.11200 |    0.71 |   0 |   0 | 
2016-BLG-1716 | 264.03967 | -28.97639 | UK2015_32_1_C90401 | 264.03967 | -28.97637 |    0.07 |   0 |   0 | 
2016-BLG-1717 | 264.42546 | -28.51964 | UK2015_34_3_C7377 | 264.42546 | -28.51961 |    0.10 |   0 |   0 | 
2016-BLG-1721 | 265.37375 | -27.46219 | UK2015_12_4_C43547 | 265.37339 | -27.46231 |    1.22 |   0 |   0 | 
2016-BLG-1729 | 263.90929 | -27.02561 | UK2015_6_3_C36069 | 263.90918 | -27.02526 |    1.31 |   0 |   0 | 
2016-BLG-1825 | 264.63988 | -27.19447 | UK2015_24_3_C54853 | 264.63989 | -27.19447 |    0.05 |   0 |   0 | 
2016-BLG-1862 | 264.70821 | -27.72892 | UK2015_24_2_C17227 | 264.70824 | -27.72892 |    0.10 |   0 |   0 | 
2016-BLG-1871 | 263.70033 | -30.20653 | UK2015_43_2_C14050 | 263.70038 | -30.20652 |    0.15 |   0 |   0 | 
2016-BLG-1878 | 264.66696 | -27.12597 | UK2015_24_3_C79973 | 264.66696 | -27.12600 |    0.10 |   0 |   0 | 
2016-BLG-1879 | 264.48012 | -27.13886 | UK2015_21_4_C75024 | 264.47981 | -27.13845 |    1.79 |   0 |   0 | 
2016-BLG-1893 | 264.56075 | -27.42292 | UK2015_23_3_C51444 | 264.56073 | -27.42290 |    0.09 |   0 |   0 | 
2016-BLG-1894 | 264.56075 | -27.42292 | UK2015_23_3_C51444 | 264.56073 | -27.42290 |    0.09 |   0 |   0 | 
2016-BLG-1900 | 264.48012 | -27.13886 | UK2015_21_4_C75024 | 264.47981 | -27.13845 |    1.79 |   0 |   0 | 
2016-BLG-1903 | 264.01721 | -29.63253 | UK2015_42_3_C65359 | 264.01664 | -29.63242 |    1.82 |   0 |   0 | 
2016-BLG-1906 | 263.82021 | -30.20950 | UK2015_43_2_C12895 | 263.82020 | -30.20951 |    0.04 |   0 |   0 | 
2016-BLG-1907 | 263.44608 | -29.61169 | UK2015_42_4_C70893 | 263.44605 | -29.61167 |    0.14 |   0 |   0 | 
2016-BLG-1909 | 265.94433 | -27.53442 | UK2015_12_3_C9807 | 265.94437 | -27.53442 |    0.12 |   0 |   0 | 
2017-BLG-0074 | 263.80958 | -27.62244 | UK2015_5_2_C61139 | 263.80961 | -27.62245 |    0.09 |   0 |   0 | 
2017-BLG-0075 | 264.52492 | -27.37333 | UK2015_22_4_C66947 | 264.52492 | -27.37336 |    0.10 |   0 |   0 | 
2017-BLG-0082 | 264.13667 | -29.07700 | UK2015_32_1_C47094 | 264.13668 | -29.07701 |    0.06 |   0 |   0 | 
2017-BLG-0084 | 264.27125 | -28.42953 | UK2015_34_3_C54689 | 264.27146 | -28.42911 |    1.64 |   0 |   0 | 
2017-BLG-0087 | 263.93908 | -29.42308 | UK2015_41_3_C77846 | 263.93909 | -29.42309 |    0.03 |   0 |   0 | 
2017-BLG-0088 | 265.89608 | -27.66281 | UK2015_11_2_C41789 | 265.89609 | -27.66282 |    0.06 |   0 |   0 | 
2017-BLG-0090 | 264.52492 | -27.37333 | UK2015_22_4_C66947 | 264.52492 | -27.37336 |    0.10 |   0 |   0 | 
2017-BLG-0101 | 265.25358 | -27.99286 | UK2015_13_1_C1105 | 265.25359 | -27.99282 |    0.15 |   0 |   0 | 
2017-BLG-0120 | 263.23679 | -29.76419 | UK2015_43_4_C14688 | 263.23677 | -29.76421 |    0.09 |   0 |   0 | 
2017-BLG-0169 | 264.07529 | -27.65250 | UK2015_24_1_C46618 | 264.07528 | -27.65249 |    0.05 |   0 |   0 | 
2017-BLG-0292 | 264.12650 | -27.40003 | UK2015_23_4_C60655 | 264.12650 | -27.39970 |    1.18 |   0 |   0 | 
2017-BLG-0325 | 263.67287 | -29.76167 | UK2015_43_3_C15908 | 263.67294 | -29.76163 |    0.24 |   0 |   0 | 
2017-BLG-0326 | 263.24737 | -29.78969 | UK2015_43_4_C4488 | 263.24735 | -29.78971 |    0.10 |   0 |   0 | 
2017-BLG-0387 | 263.79117 | -28.62192 | UK2015_33_4_C49309 | 263.79115 | -28.62190 |    0.08 |   0 |   0 | 
2017-BLG-0388 | 265.91817 | -27.18831 | UK2015_11_3_C55891 | 265.91814 | -27.18830 |    0.09 |   0 |   0 | 
2017-BLG-0394 | 264.24150 | -27.38364 | UK2015_23_4_C67007 | 264.24143 | -27.38365 |    0.23 |   0 |   0 | 
2017-BLG-0414 | 263.19175 | -30.09250 | UK2015_43_1_C59156 | 263.19199 | -30.09273 |    1.12 |   0 |   0 | 
2017-BLG-0507 | 264.25871 | -27.21908 | UK2015_24_4_C43922 | 264.25867 | -27.21951 |    1.54 |   0 |   0 | 
2017-BLG-0562 | 264.53450 | -27.32947 | UK2015_24_3_C3574 | 264.53445 | -27.32949 |    0.17 |   0 |   0 | 
2017-BLG-0570 | 264.25737 | -27.72581 | UK2015_24_1_C19058 | 264.25739 | -27.72581 |    0.05 |   0 |   0 | 
2017-BLG-0571 | 263.88837 | -27.21269 | UK2015_5_3_C60192 | 263.88846 | -27.21224 |    1.66 |   0 |   0 | 
2017-BLG-0576 | 263.57975 | -29.68486 | UK2015_42_4_C42936 | 263.57976 | -29.68486 |    0.03 |   0 |   0 | 
2017-BLG-0577 | 264.53450 | -27.32947 | UK2015_24_3_C3574 | 264.53445 | -27.32949 |    0.17 |   0 |   0 | 
2017-BLG-0778 | 263.95412 | -26.92011 | UK2015_6_3_C78665 | 263.95411 | -26.92013 |    0.08 |   0 |   0 | 
2017-BLG-0809 | 264.54150 | -28.44211 | UK2015_31_3_C52077 | 264.54153 | -28.44175 |    1.30 |   0 |   0 | 
2017-BLG-0810 | 264.16112 | -28.58014 | UK2015_32_4_C75064 | 264.16112 | -28.58014 |    0.02 |   0 |   0 | 
2017-BLG-0813 | 263.47413 | -29.46889 | UK2015_41_4_C50623 | 263.47408 | -29.46888 |    0.14 |   0 |   0 | 
2017-BLG-0824 | 264.69946 | -27.77047 | UK2015_24_2_C2582 | 264.69960 | -27.77036 |    0.61 |   0 |   0 | 
2017-BLG-0825 | 265.42721 | -27.40022 | UK2015_12_4_C68161 | 265.42715 | -27.40025 |    0.21 |   0 |   0 | 
2017-BLG-0826 | 265.29050 | -27.67100 | UK2015_11_1_C39201 | 265.29050 | -27.67097 |    0.11 |   0 |   0 | 
2017-BLG-0827 | 264.99608 | -27.49397 | UK2015_22_3_C23567 | 264.99609 | -27.49435 |    1.36 |   0 |   0 | 
2017-BLG-0828 | 265.15000 | -27.47078 | UK2015_13_4_C29558 | 265.14997 | -27.47078 |    0.10 |   0 |   0 | 
2017-BLG-0829 | 264.77000 | -27.41894 | UK2015_23_3_C52951 | 264.77004 | -27.41898 |    0.18 |   0 |   0 | 
2017-BLG-0892 | 263.57996 | -29.81619 | UK2015_41_1_C82756 | 263.57996 | -29.81619 |    0.02 |   0 |   0 | 
2017-BLG-0895 | 264.73646 | -27.57564 | UK2015_24_2_C74326 | 264.73641 | -27.57567 |    0.19 |   0 |   0 | 
2017-BLG-0896 | 264.87908 | -27.29753 | UK2015_21_3_C20691 | 264.87908 | -27.29751 |    0.06 |   0 |   0 | 
2017-BLG-0944 | 264.44729 | -28.65358 | UK2015_32_3_C41085 | 264.44730 | -28.65357 |    0.05 |   0 |   0 | 
2017-BLG-0946 | 265.81804 | -27.77653 | UK2015_11_2_C267 | 265.81800 | -27.77650 |    0.17 |   0 |   0 | 
2017-BLG-0947 | 264.81867 | -27.65450 | UK2015_21_2_C45642 | 264.81856 | -27.65452 |    0.35 |   0 |   0 | 
2017-BLG-0948 | 265.38083 | -27.21028 | UK2015_11_4_C45278 | 265.38085 | -27.21026 |    0.08 |   0 |   0 | 
2017-BLG-0968 | 263.39263 | -27.31703 | UK2015_5_4_C7797 | 263.39258 | -27.31704 |    0.15 |   0 |   0 | 
2017-BLG-0985 | 263.82142 | -27.59211 | UK2015_5_2_C73964 | 263.82138 | -27.59189 |    0.80 |   0 |   0 | 
2017-BLG-0986 | 264.24500 | -27.23214 | UK2015_24_4_C39022 | 264.24485 | -27.23242 |    1.12 |   0 |   0 | 
2017-BLG-1032 | 264.57075 | -27.37553 | UK2015_23_3_C69106 | 264.57076 | -27.37553 |    0.03 |   0 |   0 | 
2017-BLG-1039 | 263.48413 | -29.61394 | UK2015_42_4_C70026 | 263.48414 | -29.61398 |    0.14 |   0 |   0 | 
2017-BLG-1050 | 264.66429 | -28.39617 | UK2015_31_3_C78479 | 264.66429 | -28.39614 |    0.10 |   0 |   0 | 
2017-BLG-1052 | 264.57075 | -27.37553 | UK2015_23_3_C69106 | 264.57076 | -27.37553 |    0.03 |   0 |   0 | 
2017-BLG-1064 | 264.25654 | -28.99178 | UK2015_33_2_C75676 | 264.25651 | -28.99178 |    0.10 |   0 |   0 | 
2017-BLG-1065 | 264.40617 | -28.44219 | UK2015_34_3_C48063 | 264.40615 | -28.44217 |    0.10 |   0 |   0 | 
2017-BLG-1075 | 265.43662 | -27.40289 | UK2015_12_4_C67110 | 265.43661 | -27.40289 |    0.05 |   0 |   0 | 
2017-BLG-1076 | 265.01842 | -27.46589 | UK2015_22_3_C34374 | 265.01838 | -27.46589 |    0.12 |   0 |   0 | 
2017-BLG-1099 | 263.96429 | -29.58581 | UK2015_42_3_C82848 | 263.96396 | -29.58597 |    1.20 |   0 |   0 | 
2017-BLG-1113 | 263.90500 | -29.69453 | UK2015_42_3_C41769 | 263.90504 | -29.69451 |    0.14 |   0 |   0 | 
2017-BLG-1115 | 264.67650 | -27.73914 | UK2015_24_2_C13508 | 264.67652 | -27.73915 |    0.08 |   0 |   0 | 
2017-BLG-1116 | 264.57758 | -27.56725 | UK2015_24_2_C77697 | 264.57757 | -27.56724 |    0.06 |   0 |   0 | 
2017-BLG-1220 | 265.54704 | -27.56461 | UK2015_14_2_C81365 | 265.54696 | -27.56458 |    0.28 |   0 |   0 | 
2017-BLG-1243 | 264.16363 | -27.40911 | UK2015_23_4_C56973 | 264.16393 | -27.40915 |    0.98 |   0 |   0 | 
2017-BLG-1256 | 263.61638 | -30.17842 | UK2015_43_2_C24643 | 263.61634 | -30.17847 |    0.22 |   0 |   0 | 
2017-BLG-1257 | 263.47646 | -30.20481 | UK2015_42_1_C14862 | 263.47657 | -30.20492 |    0.54 |   0 |   0 | 
2017-BLG-1289 | 264.08721 | -27.72739 | UK2015_24_1_C18487 | 264.08721 | -27.72737 |    0.07 |   0 |   0 | 
2017-BLG-1294 | 263.57100 | -30.23558 | UK2015_42_1_C2268 | 263.57101 | -30.23559 |    0.04 |   0 |   0 | 
2017-BLG-1295 | 263.83517 | -29.92231 | UK2015_44_2_C64998 | 263.83516 | -29.92230 |    0.03 |   0 |   0 | 
2017-BLG-1298 | 265.14354 | -27.30406 | UK2015_14_4_C15087 | 265.14355 | -27.30395 |    0.38 |   0 |   0 | 
2017-BLG-1314 | 263.95708 | -27.60908 | UK2015_5_2_C66642 | 263.95709 | -27.60916 |    0.28 |   0 |   0 | 
2017-BLG-1315 | 263.83100 | -27.38956 | UK2015_6_2_C62055 | 263.83070 | -27.38943 |    1.06 |   0 |   0 | 
2017-BLG-1316 | 264.11421 | -27.11308 | UK2015_24_4_C85141 | 264.11420 | -27.11310 |    0.07 |   0 |   0 | 
2017-BLG-1322 | 264.30696 | -27.69397 | UK2015_21_1_C32687 | 264.30693 | -27.69401 |    0.16 |   0 |   0 | 
2017-BLG-1349 | 263.59604 | -29.50086 | UK2015_41_4_C37986 | 263.59588 | -29.50122 |    1.39 |   0 |   0 | 
2017-BLG-1417 | 263.81117 | -28.88903 | UK2015_34_1_C32537 | 263.81117 | -28.88903 |    0.01 |   0 |   0 | 
2017-BLG-1449 | 264.01100 | -27.40078 | UK2015_6_2_C57458 | 264.01096 | -27.40075 |    0.16 |   0 |   0 | 
2017-BLG-1459 | 263.19187 | -30.05550 | UK2015_43_1_C74157 | 263.19236 | -30.05540 |    1.55 |   0 |   0 | 
2017-BLG-1465 | 264.05246 | -27.44536 | UK2015_23_4_C43004 | 264.05254 | -27.44563 |    1.00 |   0 |   0 | 
2017-BLG-1469 | 264.59871 | -28.53472 | UK2015_32_3_C88822 | 264.59869 | -28.53472 |    0.06 |   0 |   0 | 
2017-BLG-1482 | 264.92288 | -27.56281 | UK2015_21_2_C81818 | 264.92280 | -27.56283 |    0.26 |   0 |   0 | 
2017-BLG-1492 | 263.74267 | -29.55011 | UK2015_44_3_C18572 | 263.74274 | -29.55009 |    0.24 |   0 |   0 | 
2017-BLG-1540 | 265.56700 | -27.17050 | UK2015_14_3_C63925 | 265.56752 | -27.17058 |    1.69 |   0 |   0 | 
2017-BLG-1550 | 263.19162 | -29.77436 | UK2015_43_4_C10657 | 263.19162 | -29.77437 |    0.04 |   0 |   0 | 
2017-BLG-1551 | 265.91708 | -27.19508 | UK2015_11_3_C53319 | 265.91707 | -27.19508 |    0.04 |   0 |   0 | 
2017-BLG-1566 | 263.82637 | -27.38356 | UK2015_6_2_C64499 | 263.82564 | -27.38343 |    2.39 |   0 |   0 | 
2017-BLG-1575 | 264.84842 | -27.20358 | UK2015_21_3_C67073 | 264.84842 | -27.20357 |    0.05 |   0 |   0 | 
2017-BLG-1597 | 263.77417 | -27.48672 | UK2015_6_2_C23950 | 263.77423 | -27.48673 |    0.20 |   0 |   0 | 
2017-BLG-1647 | 263.38975 | -27.60444 | UK2015_5_1_C70687 | 263.38970 | -27.60448 |    0.20 |   0 |   0 | 
2017-BLG-1689 | 264.13183 | -29.07089 | UK2015_32_1_C49660 | 264.13185 | -29.07091 |    0.09 |   0 |   0 | 
2017-BLG-1690 | 263.36817 | -29.60153 | UK2015_42_4_C74741 | 263.36751 | -29.60172 |    2.17 |   0 |   0 | 
2017-BLG-1692 | 263.10583 | -30.17422 | UK2015_43_1_C26827 | 263.10612 | -30.17422 |    0.89 |   0 |   0 | 
2017-BLG-1708 | 264.94796 | -27.19558 | UK2015_21_3_C70967 | 264.94730 | -27.19564 |    2.12 |   0 |   0 | 
2017-BLG-1712 | 264.17492 | -27.55631 | UK2015_24_1_C84289 | 264.17505 | -27.55646 |    0.70 |   0 |   0 | 
2017-BLG-1748 | 264.10171 | -27.55439 | UK2015_24_1_C85057 | 264.10189 | -27.55438 |    0.58 |   0 |   0 | 
2017-BLG-1752 | 264.03167 | -30.10614 | UK2015_42_2_C50636 | 264.03167 | -30.10616 |    0.08 |   0 |   0 | 
2017-BLG-1753 | 263.93388 | -29.84006 | UK2015_41_2_C75070 | 263.93386 | -29.84007 |    0.07 |   0 |   0 | 
2017-BLG-1775 | 265.29512 | -27.58233 | UK2015_11_1_C73276 | 265.29534 | -27.58255 |    1.04 |   0 |   0 | 
2017-BLG-1811 | 265.36725 | -27.35328 | UK2015_12_4_C86744 | 265.36722 | -27.35325 |    0.14 |   0 |   0 | 
2017-BLG-1818 | 265.59346 | -27.16617 | UK2015_14_3_C65518 | 265.59346 | -27.16617 |    0.01 |   0 |   0 | 
2017-BLG-1826 | 263.82517 | -27.23925 | UK2015_5_3_C46877 | 263.82513 | -27.23932 |    0.28 |   0 |   0 | 
2017-BLG-1827 | 263.89704 | -28.98306 | UK2015_33_1_C80243 | 263.89704 | -28.98310 |    0.16 |   0 |   0 | 
2018-BLG-0159 | 263.93738 | -28.98703 | UK2015_32_1_C85868 | 263.93737 | -28.98699 |    0.14 |   0 |   0 | 
2018-BLG-0161 | 264.09717 | -28.35978 | UK2015_31_4_C79909 | 264.09713 | -28.35980 |    0.14 |   0 |   0 | 
2018-BLG-0165 | 263.74700 | -29.79978 | UK2015_43_3_C1375 | 263.74704 | -29.79980 |    0.15 |   0 |   0 | 
2018-BLG-0166 | 263.20692 | -29.71969 | UK2015_43_4_C31732 | 263.20689 | -29.71971 |    0.10 |   0 |   0 | 
2018-BLG-0172 | 265.80975 | -27.87361 | UK2015_12_2_C51426 | 265.80973 | -27.87363 |    0.09 |   0 |   0 | 
2018-BLG-0173 | 265.18196 | -27.95600 | UK2015_13_1_C14343 | 265.18206 | -27.95604 |    0.35 |   0 |   0 | 
2018-BLG-0174 | 264.81808 | -27.98986 | UK2015_22_2_C2251 | 264.81804 | -27.98984 |    0.16 |   0 |   0 | 
2018-BLG-0175 | 265.43929 | -27.21031 | UK2015_11_4_C45262 | 265.43928 | -27.21031 |    0.04 |   0 |   0 | 
2018-BLG-0176 | 265.24321 | -27.17867 | UK2015_14_4_C69358 | 265.24316 | -27.17867 |    0.16 |   0 |   0 | 
2018-BLG-0177 | 265.20067 | -27.24489 | UK2015_14_4_C40834 | 265.20065 | -27.24488 |    0.06 |   0 |   0 | 
2018-BLG-0178 | 264.68625 | -27.14881 | UK2015_24_3_C71668 | 264.68622 | -27.14881 |    0.10 |   0 |   0 | 
2018-BLG-0205 | 263.46779 | -27.01014 | UK2015_6_4_C39033 | 263.46777 | -27.01012 |    0.10 |   0 |   0 | 
2018-BLG-0216 | 264.23871 | -28.51831 | UK2015_34_3_C8084 | 264.23871 | -28.51832 |    0.05 |   0 |   0 | 
2018-BLG-0217 | 263.59475 | -29.60581 | UK2015_42_4_C73147 | 263.59498 | -29.60587 |    0.76 |   0 |   0 | 
2018-BLG-0220 | 264.56858 | -27.47747 | UK2015_23_3_C30360 | 264.56858 | -27.47747 |    0.01 |   0 |   0 | 
2018-BLG-0233 | 264.32229 | -29.01186 | UK2015_33_2_C67778 | 264.32229 | -29.01187 |    0.03 |   0 |   0 | 
2018-BLG-0234 | 263.09225 | -30.12750 | UK2015_43_1_C45227 | 263.09224 | -30.12757 |    0.25 |   0 |   0 | 
2018-BLG-0267 | 265.80100 | -27.62508 | UK2015_11_2_C56280 | 265.80097 | -27.62508 |    0.10 |   0 |   0 | 
2018-BLG-0297 | 263.32187 | -30.19744 | UK2015_43_1_C17595 | 263.32190 | -30.19743 |    0.09 |   0 |   0 | 
2018-BLG-0302 | 265.59388 | -27.64269 | UK2015_14_2_C50063 | 265.59388 | -27.64269 |    0.02 |   0 |   0 | 
2018-BLG-0351 | 264.40983 | -27.36786 | UK2015_22_4_C69043 | 264.40981 | -27.36786 |    0.07 |   0 |   0 | 
2018-BLG-0361 | 263.78787 | -27.24167 | UK2015_5_3_C45881 | 263.78824 | -27.24127 |    1.84 |   0 |   0 | 
2018-BLG-0430 | 264.37500 | -27.40414 | UK2015_22_4_C55403 | 264.37436 | -27.40396 |    2.14 |   0 |   0 | 
2018-BLG-0431 | 263.47062 | -26.91233 | UK2015_6_4_C79390 | 263.47066 | -26.91234 |    0.11 |   0 |   0 | 
2018-BLG-0443 | 263.70125 | -28.79964 | UK2015_34_1_C67705 | 263.70071 | -28.79980 |    1.80 |   0 |   0 | 
2018-BLG-0445 | 264.04679 | -30.23775 | UK2015_42_2_C1632 | 264.04678 | -30.23772 |    0.11 |   0 |   0 | 
2018-BLG-0448 | 263.59871 | -29.69189 | UK2015_42_4_C40324 | 263.59874 | -29.69187 |    0.12 |   0 |   0 | 
2018-BLG-0477 | 264.67342 | -28.46792 | UK2015_31_3_C36928 | 264.67340 | -28.46795 |    0.13 |   0 |   0 | 
2018-BLG-0480 | 265.62246 | -27.65144 | UK2015_14_2_C46680 | 265.62241 | -27.65141 |    0.20 |   0 |   0 | 
2018-BLG-0484 | 264.21867 | -29.02664 | UK2015_33_2_C62024 | 264.21866 | -29.02664 |    0.02 |   0 |   0 | 
2018-BLG-0527 | 264.82625 | -27.44603 | UK2015_22_3_C41740 | 264.82682 | -27.44606 |    1.82 |   0 |   0 | 
2018-BLG-0588 | 264.08483 | -29.08169 | UK2015_32_1_C45151 | 264.08481 | -29.08169 |    0.08 |   0 |   0 | 
2018-BLG-0589 | 263.47642 | -29.73558 | UK2015_42_4_C23804 | 263.47673 | -29.73603 |    1.88 |   0 |   0 | 
2018-BLG-0591 | 265.43013 | -27.73436 | UK2015_11_1_C15790 | 265.43014 | -27.73434 |    0.09 |   0 |   0 | 
2018-BLG-0592 | 264.89996 | -27.97933 | UK2015_22_2_C5846 | 264.89998 | -27.97933 |    0.07 |   0 |   0 | 
2018-BLG-0593 | 264.83804 | -27.67528 | UK2015_21_2_C37726 | 264.83856 | -27.67512 |    1.75 |   0 |   0 | 
2018-BLG-0594 | 265.13342 | -27.31511 | UK2015_14_4_C9831 | 265.13343 | -27.31516 |    0.18 |   0 |   0 | 
2018-BLG-0601 | 264.04962 | -27.28797 | UK2015_24_4_C17714 | 264.04962 | -27.28799 |    0.07 |   0 |   0 | 
2018-BLG-0618 | 264.60658 | -28.79731 | UK2015_31_2_C84101 | 264.60660 | -28.79732 |    0.07 |   0 |   0 | 
2018-BLG-0682 | 264.36558 | -29.10300 | UK2015_33_2_C32824 | 264.36561 | -29.10295 |    0.20 |   0 |   0 | 
2018-BLG-0719 | 263.20671 | -29.71992 | UK2015_43_4_C31732 | 263.20689 | -29.71971 |    0.94 |   0 |   0 | 
2018-BLG-0720 | 265.60163 | -27.94636 | UK2015_13_2_C17343 | 265.60162 | -27.94639 |    0.11 |   0 |   0 | 
2018-BLG-0721 | 265.07262 | -27.49392 | UK2015_13_4_C21278 | 265.07297 | -27.49391 |    1.10 |   0 |   0 | 
2018-BLG-0732 | 263.91129 | -29.41756 | UK2015_41_3_C80528 | 263.91128 | -29.41755 |    0.04 |   0 |   0 | 
2018-BLG-0733 | 264.92196 | -27.85858 | UK2015_22_2_C49731 | 264.92198 | -27.85857 |    0.08 |   0 |   0 | 
2018-BLG-0734 | 264.78362 | -27.30831 | UK2015_21_3_C15342 | 264.78358 | -27.30832 |    0.15 |   0 |   0 | 
2018-BLG-0772 | 264.05138 | -27.67997 | UK2015_24_1_C36100 | 264.05192 | -27.68014 |    1.84 |   0 |   0 | 
2018-BLG-0797 | 263.66321 | -29.48519 | UK2015_44_3_C55391 | 263.66320 | -29.48519 |    0.03 |   0 |   0 | 
2018-BLG-0801 | 263.46479 | -30.06931 | UK2015_42_1_C67857 | 263.46482 | -30.06929 |    0.10 |   0 |   0 | 
2018-BLG-0806 | 264.27783 | -27.24614 | UK2015_24_4_C33775 | 264.27783 | -27.24611 |    0.10 |   0 |   0 | 
2018-BLG-0838 | 265.69513 | -27.78414 | UK2015_13_2_C77875 | 265.69500 | -27.78420 |    0.45 |   0 |   0 | 
2018-BLG-0864 | 263.80325 | -29.59694 | UK2015_43_3_C79521 | 263.80324 | -29.59696 |    0.06 |   0 |   0 | 
2018-BLG-0890 | 263.95454 | -27.55392 | UK2015_5_2_C90170 | 263.95454 | -27.55392 |    0.01 |   0 |   0 | 
2018-BLG-0908 | 263.95013 | -27.01100 | UK2015_6_3_C41915 | 263.95015 | -27.01103 |    0.13 |   0 |   0 | 
2018-BLG-0911 | 265.82004 | -27.62942 | UK2015_11_2_C54646 | 265.82006 | -27.62945 |    0.13 |   0 |   0 | 
2018-BLG-0929 | 263.99867 | -30.14108 | UK2015_42_2_C36972 | 263.99872 | -30.14163 |    1.97 |   0 |   0 | 
2018-BLG-0930 | 265.06804 | -27.32497 | UK2015_14_4_C4811 | 265.06807 | -27.32554 |    2.05 |   0 |   0 | 
2018-BLG-0950 | 263.84621 | -27.43378 | UK2015_6_2_C44334 | 263.84619 | -27.43379 |    0.07 |   0 |   0 | 
2018-BLG-0979 | 263.88383 | -27.03350 | UK2015_6_3_C32636 | 263.88384 | -27.03351 |    0.04 |   0 |   0 | 
2018-BLG-0981 | 263.82208 | -29.46028 | UK2015_44_3_C69143 | 263.82221 | -29.46026 |    0.40 |   0 |   0 | 
2018-BLG-0999 | 263.30729 | -29.42650 | UK2015_44_4_C94344 | 263.30732 | -29.42649 |    0.10 |   0 |   0 | 
2018-BLG-1006 | 264.39596 | -29.11942 | UK2015_33_2_C26825 | 264.39595 | -29.11918 |    0.85 |   0 |   0 | 
2018-BLG-1023 | 265.04900 | -27.96550 | UK2015_13_1_C10960 | 265.04896 | -27.96550 |    0.13 |   0 |   0 | 
2018-BLG-1044 | 264.69754 | -27.79461 | UK2015_23_2_C77647 | 264.69753 | -27.79460 |    0.05 |   0 |   0 | 
2018-BLG-1045 | 264.68908 | -27.31250 | UK2015_24_3_C10169 | 264.68868 | -27.31243 |    1.31 |   0 |   0 | 
2018-BLG-1086 | 264.07821 | -29.54933 | UK2015_41_3_C16292 | 264.07863 | -29.54917 |    1.45 |   0 |   0 | 
2018-BLG-1142 | 263.96454 | -30.19664 | UK2015_42_2_C16594 | 263.96454 | -30.19665 |    0.04 |   0 |   0 | 
2018-BLG-1148 | 265.47767 | -27.77806 | UK2015_12_1_C92085 | 265.47760 | -27.77806 |    0.21 |   0 |   0 | 
2018-BLG-1149 | 265.56592 | -27.21114 | UK2015_14_3_C48693 | 265.56575 | -27.21166 |    1.95 |   0 |   0 | 
2018-BLG-1180 | 263.74200 | -29.99914 | UK2015_44_2_C19166 | 263.74194 | -29.99909 |    0.26 |   0 |   0 | 
2018-BLG-1181 | 264.73792 | -27.58750 | UK2015_24_2_C69767 | 264.73788 | -27.58752 |    0.14 |   0 |   0 | 
2018-BLG-1218 | 264.43417 | -27.34017 | UK2015_22_4_C79845 | 264.43469 | -27.34019 |    1.68 |   0 |   0 | 
2018-BLG-1219 | 264.56004 | -27.15056 | UK2015_24_3_C71024 | 264.56001 | -27.15059 |    0.16 |   0 |   0 | 
2018-BLG-1225 | 265.63971 | -27.60464 | UK2015_14_2_C65112 | 265.63971 | -27.60458 |    0.21 |   0 |   0 | 
2018-BLG-1226 | 264.56004 | -27.15058 | UK2015_24_3_C71024 | 264.56001 | -27.15059 |    0.10 |   0 |   0 | 
2018-BLG-1232 | 264.50992 | -27.12456 | UK2015_21_4_C80353 | 264.51011 | -27.12501 |    1.75 |   0 |   0 | 
2018-BLG-1236 | 263.92037 | -29.68569 | UK2015_42_3_C45167 | 263.92035 | -29.68569 |    0.08 |   0 |   0 | 
2018-BLG-1238 | 265.21996 | -27.82128 | UK2015_13_1_C64225 | 265.21956 | -27.82159 |    1.69 |   0 |   0 | 
2018-BLG-1253 | 264.61517 | -27.32958 | UK2015_24_3_C3519 | 264.61515 | -27.32962 |    0.14 |   0 |   0 | 
2018-BLG-1264 | 263.33467 | -29.66897 | UK2015_43_4_C51202 | 263.33423 | -29.66914 |    1.49 |   0 |   0 | 
2018-BLG-1266 | 265.65204 | -27.71500 | UK2015_14_2_C23218 | 265.65224 | -27.71557 |    2.15 |   0 |   0 | 
2018-BLG-1267 | 264.61517 | -27.32958 | UK2015_24_3_C3519 | 264.61515 | -27.32962 |    0.14 |   0 |   0 | 
2018-BLG-1290 | 264.04362 | -28.76794 | UK2015_31_1_C79278 | 264.04318 | -28.76812 |    1.54 |   0 |   0 | 
2018-BLG-1303 | 264.85663 | -27.13669 | UK2015_21_3_C99213 | 264.85728 | -27.13670 |    2.10 |   0 |   0 | 
2018-BLG-1329 | 264.26950 | -27.43161 | UK2015_23_4_C48300 | 264.26947 | -27.43161 |    0.10 |   0 |   0 | 
2018-BLG-1330 | 264.03262 | -30.12250 | UK2015_42_2_C44460 | 264.03320 | -30.12235 |    1.87 |   0 |   0 | 
2018-BLG-1337 | 263.58004 | -29.62964 | UK2015_42_4_C63913 | 263.58003 | -29.62965 |    0.05 |   0 |   0 | 
2018-BLG-1338 | 264.67962 | -27.55736 | UK2015_23_3_C393 | 264.67924 | -27.55694 |    1.95 |   0 |   0 | 
2018-BLG-1413 | 263.86062 | -27.49736 | UK2015_6_2_C20080 | 263.86063 | -27.49736 |    0.02 |   0 |   0 | 
2018-BLG-1414 | 263.86992 | -27.13122 | UK2015_5_3_C100394 | 263.86998 | -27.13068 |    1.96 |   0 |   0 | 
2018-BLG-1454 | 265.46488 | -27.48108 | UK2015_12_4_C35848 | 265.46483 | -27.48108 |    0.14 |   0 |   0 | 
2018-BLG-1474 | 263.95812 | -26.92300 | UK2015_6_3_C77518 | 263.95772 | -26.92304 |    1.31 |   0 |   0 | 
2018-BLG-1507 | 263.26750 | -27.32139 | UK2015_5_4_C5508 | 263.26751 | -27.32135 |    0.14 |   0 |   0 | 
2018-BLG-1513 | 265.89446 | -27.37172 | UK2015_12_3_C75879 | 265.89442 | -27.37175 |    0.16 |   0 |   0 | 
2018-BLG-1530 | 264.92588 | -27.84133 | UK2015_22_2_C56469 | 264.92594 | -27.84131 |    0.22 |   0 |   0 | 
2018-BLG-1594 | 264.13625 | -27.21083 | UK2015_24_4_C47295 | 264.13624 | -27.21082 |    0.06 |   0 |   0 | 
2018-BLG-1600 | 264.20592 | -28.98181 | UK2015_33_2_C79612 | 264.20592 | -28.98175 |    0.20 |   0 |   0 | 
2018-BLG-1601 | 263.80512 | -29.85108 | UK2015_44_2_C101685 | 263.80519 | -29.85116 |    0.34 |   0 |   0 | 
2018-BLG-1605 | 264.69488 | -27.78178 | UK2015_23_2_C82712 | 264.69487 | -27.78177 |    0.03 |   0 |   0 | 
2018-BLG-1618 | 263.67338 | -29.97169 | UK2015_44_2_C37953 | 263.67329 | -29.97185 |    0.62 |   0 |   0 | 
2018-BLG-1660 | 263.37667 | -29.83831 | UK2015_41_1_C72988 | 263.37670 | -29.83829 |    0.12 |   0 |   0 | 
2018-BLG-1662 | 265.03025 | -27.39964 | UK2015_22_3_C58900 | 265.02978 | -27.39973 |    1.54 |   0 |   0 | 
2018-BLG-1685 | 263.40004 | -27.15211 | UK2015_5_4_C91155 | 263.40003 | -27.15214 |    0.11 |   0 |   0 | 
2018-BLG-1694 | 264.34658 | -28.67961 | UK2015_33_3_C28540 | 264.34663 | -28.67961 |    0.15 |   0 |   0 | 
2018-BLG-1696 | 264.08242 | -29.43469 | UK2015_41_3_C72530 | 264.08233 | -29.43437 |    1.20 |   0 |   0 | 
2018-BLG-1698 | 264.67863 | -27.96056 | UK2015_23_2_C14840 | 264.67906 | -27.96010 |    2.15 |   0 |   0 | 
2018-BLG-1699 | 265.02937 | -27.27003 | UK2015_21_3_C34108 | 265.02937 | -27.27003 |    0.02 |   0 |   0 | 
