    Xi (deg)   Xn       delMag   No. in bin
    -0.340    -0.340    -0.020     150
    -0.320    -0.340    -0.018    2423
    -0.300    -0.340    -0.016    3519
    -0.280    -0.340    -0.015    3674
    -0.260    -0.340    -0.012    3448
    -0.240    -0.340    -0.009    3991
    -0.220    -0.340    -0.010    4049
    -0.200    -0.340    -0.012    3914
    -0.180    -0.340    -0.013    3266
    -0.160    -0.340    -0.013    3776
    -0.140    -0.340    -0.012    3377
    -0.120    -0.340    -0.019    3250
    -0.100    -0.340    -0.032     575
    -0.080    -0.340    -0.033       0
    -0.060    -0.340    -0.023       0
    -0.040    -0.340    -0.013       0
    -0.020    -0.340    -0.013       0
     0.000    -0.340    -0.000       0
     0.020    -0.340     0.006       0
     0.040    -0.340     0.006       0
     0.060    -0.340     0.002       0
     0.080    -0.340    -0.001       0
     0.100    -0.340     0.011     642
     0.120    -0.340     0.021    5064
     0.140    -0.340     0.027    5076
     0.160    -0.340     0.023    4748
     0.180    -0.340     0.019    5013
     0.200    -0.340     0.016    4343
     0.220    -0.340     0.013    5180
     0.240    -0.340     0.007    5414
     0.260    -0.340     0.000    4793
     0.280    -0.340    -0.010    4772
     0.300    -0.340    -0.021    4217
     0.320    -0.340    -0.037    3763
     0.340    -0.340    -0.051     928
    -0.340    -0.320    -0.013    2712
    -0.320    -0.320    -0.012   10461
    -0.300    -0.320    -0.011   11845
    -0.280    -0.320    -0.010   12176
    -0.260    -0.320    -0.008   11489
    -0.240    -0.320    -0.007   12836
    -0.220    -0.320    -0.008   12346
    -0.200    -0.320    -0.009   12206
    -0.180    -0.320    -0.010   12387
    -0.160    -0.320    -0.009   12387
    -0.140    -0.320    -0.009   11858
    -0.120    -0.320    -0.017   13191
    -0.100    -0.320    -0.029    1992
    -0.080    -0.320    -0.030       0
    -0.060    -0.320    -0.021       0
    -0.040    -0.320    -0.013       0
    -0.020    -0.320    -0.013       0
     0.000    -0.320    -0.000       0
     0.020    -0.320     0.006       0
     0.040    -0.320     0.006       0
     0.060    -0.320     0.005       0
     0.080    -0.320     0.004       0
     0.100    -0.320     0.013    1751
     0.120    -0.320     0.021   12333
     0.140    -0.320     0.024   12931
     0.160    -0.320     0.020   11856
     0.180    -0.320     0.016   12470
     0.200    -0.320     0.014   12875
     0.220    -0.320     0.010   13477
     0.240    -0.320     0.006   14173
     0.260    -0.320    -0.001   14026
     0.280    -0.320    -0.010   15019
     0.300    -0.320    -0.018   13082
     0.320    -0.320    -0.030   11980
     0.340    -0.320    -0.040    4130
    -0.340    -0.300    -0.006    4335
    -0.320    -0.300    -0.006   11953
    -0.300    -0.300    -0.005   13147
    -0.280    -0.300    -0.005   14010
    -0.260    -0.300    -0.004   12309
    -0.240    -0.300    -0.004   13030
    -0.220    -0.300    -0.005   13633
    -0.200    -0.300    -0.006   13132
    -0.180    -0.300    -0.006   13874
    -0.160    -0.300    -0.005   13303
    -0.140    -0.300    -0.006   13547
    -0.120    -0.300    -0.015   14162
    -0.100    -0.300    -0.026    2474
    -0.080    -0.300    -0.027       0
    -0.060    -0.300    -0.020       0
    -0.040    -0.300    -0.013       0
    -0.020    -0.300    -0.013       0
     0.000    -0.300    -0.000       0
     0.020    -0.300     0.006       0
     0.040    -0.300     0.006       0
     0.060    -0.300     0.007       0
     0.080    -0.300     0.008       0
     0.100    -0.300     0.015    1827
     0.120    -0.300     0.020   14054
     0.140    -0.300     0.020   13681
     0.160    -0.300     0.017   14187
     0.180    -0.300     0.013   13292
     0.200    -0.300     0.011   13805
     0.220    -0.300     0.008   14415
     0.240    -0.300     0.004   14879
     0.260    -0.300    -0.002   15443
     0.280    -0.300    -0.009   15660
     0.300    -0.300    -0.015   16105
     0.320    -0.300    -0.022   14939
     0.340    -0.300    -0.029    5837
    -0.340    -0.280    -0.003    5366
    -0.320    -0.280    -0.003   12726
    -0.300    -0.280    -0.002   14963
    -0.280    -0.280    -0.002   14850
    -0.260    -0.280    -0.002   14018
    -0.240    -0.280    -0.003   14195
    -0.220    -0.280    -0.004   14632
    -0.200    -0.280    -0.005   13942
    -0.180    -0.280    -0.004   14241
    -0.160    -0.280    -0.003   13588
    -0.140    -0.280    -0.004   13697
    -0.120    -0.280    -0.013   13344
    -0.100    -0.280    -0.023    2249
    -0.080    -0.280    -0.025       0
    -0.060    -0.280    -0.019       0
    -0.040    -0.280    -0.013       0
    -0.020    -0.280    -0.013       0
     0.000    -0.280    -0.000       0
     0.020    -0.280     0.006       0
     0.040    -0.280     0.006       0
     0.060    -0.280     0.009       0
     0.080    -0.280     0.012       0
     0.100    -0.280     0.017    2318
     0.120    -0.280     0.020   14998
     0.140    -0.280     0.018   14176
     0.160    -0.280     0.014   14712
     0.180    -0.280     0.010   13907
     0.200    -0.280     0.008   14345
     0.220    -0.280     0.006   14016
     0.240    -0.280     0.002   15731
     0.260    -0.280    -0.003   15628
     0.280    -0.280    -0.009   15439
     0.300    -0.280    -0.013   15549
     0.320    -0.280    -0.019   15831
     0.340    -0.280    -0.024    5405
    -0.340    -0.260    -0.002    4414
    -0.320    -0.260    -0.002   12455
    -0.300    -0.260    -0.001   12305
    -0.280    -0.260    -0.001   13756
    -0.260    -0.260    -0.002   11658
    -0.240    -0.260    -0.003   12686
    -0.220    -0.260    -0.004   12177
    -0.200    -0.260    -0.004   13196
    -0.180    -0.260    -0.003   11830
    -0.160    -0.260    -0.001   12716
    -0.140    -0.260    -0.001   13101
    -0.120    -0.260    -0.011   13416
    -0.100    -0.260    -0.020    2780
    -0.080    -0.260    -0.023       0
    -0.060    -0.260    -0.018       0
    -0.040    -0.260    -0.013       0
    -0.020    -0.260    -0.013       0
     0.000    -0.260    -0.000       0
     0.020    -0.260     0.006       0
     0.040    -0.260     0.006       0
     0.060    -0.260     0.010       0
     0.080    -0.260     0.013       0
     0.100    -0.260     0.018    2422
     0.120    -0.260     0.020   13081
     0.140    -0.260     0.016   13112
     0.160    -0.260     0.012   12730
     0.180    -0.260     0.007   13055
     0.200    -0.260     0.004   13076
     0.220    -0.260     0.001   12915
     0.240    -0.260    -0.002   13691
     0.260    -0.260    -0.006   13802
     0.280    -0.260    -0.011   13982
     0.300    -0.260    -0.015   14212
     0.320    -0.260    -0.020   13657
     0.340    -0.260    -0.024    5120
    -0.340    -0.240    -0.001    5154
    -0.320    -0.240    -0.000   12449
    -0.300    -0.240     0.000   12881
    -0.280    -0.240     0.001   14612
    -0.260    -0.240     0.000   12195
    -0.240    -0.240    -0.001   14463
    -0.220    -0.240    -0.002   13266
    -0.200    -0.240    -0.003   13583
    -0.180    -0.240    -0.001   12769
    -0.160    -0.240     0.001   12566
    -0.140    -0.240     0.002   12411
    -0.120    -0.240    -0.006   14133
    -0.100    -0.240    -0.015    2292
    -0.080    -0.240    -0.019       0
    -0.060    -0.240    -0.016       0
    -0.040    -0.240    -0.013       0
    -0.020    -0.240    -0.013       0
     0.000    -0.240    -0.000       0
     0.020    -0.240     0.006       0
     0.040    -0.240     0.006       0
     0.060    -0.240     0.009       0
     0.080    -0.240     0.012       0
     0.100    -0.240     0.017    2508
     0.120    -0.240     0.019   13210
     0.140    -0.240     0.017   13535
     0.160    -0.240     0.011   13685
     0.180    -0.240     0.005   13033
     0.200    -0.240     0.003   13278
     0.220    -0.240    -0.001   12723
     0.240    -0.240    -0.005   13952
     0.260    -0.240    -0.009   14050
     0.280    -0.240    -0.013   15665
     0.300    -0.240    -0.016   14101
     0.320    -0.240    -0.020   14544
     0.340    -0.240    -0.023    5115
    -0.340    -0.220     0.002    4813
    -0.320    -0.220     0.002   12839
    -0.300    -0.220     0.003   13054
    -0.280    -0.220     0.003   14355
    -0.260    -0.220     0.002   12545
    -0.240    -0.220     0.000   13292
    -0.220    -0.220    -0.001   12340
    -0.200    -0.220    -0.001   12979
    -0.180    -0.220     0.001   13137
    -0.160    -0.220     0.003   13539
    -0.140    -0.220     0.005   14212
    -0.120    -0.220    -0.003   13922
    -0.100    -0.220    -0.011    2368
    -0.080    -0.220    -0.015       0
    -0.060    -0.220    -0.014       0
    -0.040    -0.220    -0.013       0
    -0.020    -0.220    -0.013       0
     0.000    -0.220    -0.000       0
     0.020    -0.220     0.006       0
     0.040    -0.220     0.006       0
     0.060    -0.220     0.007       0
     0.080    -0.220     0.009       0
     0.100    -0.220     0.015    2302
     0.120    -0.220     0.018   13653
     0.140    -0.220     0.018   14317
     0.160    -0.220     0.012   13876
     0.180    -0.220     0.005   13474
     0.200    -0.220     0.002   13975
     0.220    -0.220    -0.003   13915
     0.240    -0.220    -0.007   13188
     0.260    -0.220    -0.011   13672
     0.280    -0.220    -0.015   14283
     0.300    -0.220    -0.017   13926
     0.320    -0.220    -0.019   15711
     0.340    -0.220    -0.021    4966
    -0.340    -0.200     0.005    4566
    -0.320    -0.200     0.005   12111
    -0.300    -0.200     0.005   14145
    -0.280    -0.200     0.005   14992
    -0.260    -0.200     0.004   13328
    -0.240    -0.200     0.003   13122
    -0.220    -0.200     0.002   12906
    -0.200    -0.200     0.002   12921
    -0.180    -0.200     0.004   13670
    -0.160    -0.200     0.007   13897
    -0.140    -0.200     0.007   13452
    -0.120    -0.200     0.001   13516
    -0.100    -0.200    -0.007    2613
    -0.080    -0.200    -0.013       0
    -0.060    -0.200    -0.013       0
    -0.040    -0.200    -0.013       0
    -0.020    -0.200    -0.013       0
     0.000    -0.200    -0.000       0
     0.020    -0.200     0.006       0
     0.040    -0.200     0.006       0
     0.060    -0.200     0.006       0
     0.080    -0.200     0.006       0
     0.100    -0.200     0.012    2609
     0.120    -0.200     0.018   14152
     0.140    -0.200     0.019   13423
     0.160    -0.200     0.014   14014
     0.180    -0.200     0.006   13220
     0.200    -0.200     0.003   13541
     0.220    -0.200    -0.002   13559
     0.240    -0.200    -0.007   13428
     0.260    -0.200    -0.012   13885
     0.280    -0.200    -0.015   15029
     0.300    -0.200    -0.017   14241
     0.320    -0.200    -0.018   15542
     0.340    -0.200    -0.019    4841
    -0.340    -0.180     0.010    5031
    -0.320    -0.180     0.009   12793
    -0.300    -0.180     0.009   13190
    -0.280    -0.180     0.007   14724
    -0.260    -0.180     0.006   13343
    -0.240    -0.180     0.005   12987
    -0.220    -0.180     0.005   13587
    -0.200    -0.180     0.006   14044
    -0.180    -0.180     0.008   13803
    -0.160    -0.180     0.010   13047
    -0.140    -0.180     0.009   12983
    -0.120    -0.180     0.003   14309
    -0.100    -0.180    -0.004    2588
    -0.080    -0.180    -0.011       0
    -0.060    -0.180    -0.012       0
    -0.040    -0.180    -0.013       0
    -0.020    -0.180    -0.013       0
     0.000    -0.180    -0.000       0
     0.020    -0.180     0.006       0
     0.040    -0.180     0.006       0
     0.060    -0.180     0.005       0
     0.080    -0.180     0.005       0
     0.100    -0.180     0.011    2430
     0.120    -0.180     0.018   14066
     0.140    -0.180     0.020   14277
     0.160    -0.180     0.015   13418
     0.180    -0.180     0.008   13354
     0.200    -0.180     0.004   13852
     0.220    -0.180    -0.001   15797
     0.240    -0.180    -0.006   14139
     0.260    -0.180    -0.011   13874
     0.280    -0.180    -0.015   13883
     0.300    -0.180    -0.016   14679
     0.320    -0.180    -0.018   15167
     0.340    -0.180    -0.018    4845
    -0.340    -0.160     0.013    4697
    -0.320    -0.160     0.013   13355
    -0.300    -0.160     0.012   13069
    -0.280    -0.160     0.011   14284
    -0.260    -0.160     0.009   12617
    -0.240    -0.160     0.008   13004
    -0.220    -0.160     0.009   13085
    -0.200    -0.160     0.011   12913
    -0.180    -0.160     0.013   13484
    -0.160    -0.160     0.014   13332
    -0.140    -0.160     0.013   13131
    -0.120    -0.160     0.005   13261
    -0.100    -0.160    -0.002    2621
    -0.080    -0.160    -0.009       0
    -0.060    -0.160    -0.011       0
    -0.040    -0.160    -0.013       0
    -0.020    -0.160    -0.013       0
     0.000    -0.160    -0.000       0
     0.020    -0.160     0.006       0
     0.040    -0.160     0.006       0
     0.060    -0.160     0.005       0
     0.080    -0.160     0.004       0
     0.100    -0.160     0.010    2523
     0.120    -0.160     0.017   13375
     0.140    -0.160     0.020   13836
     0.160    -0.160     0.015   13346
     0.180    -0.160     0.009   14204
     0.200    -0.160     0.004   14129
     0.220    -0.160     0.000   13651
     0.240    -0.160    -0.004   15278
     0.260    -0.160    -0.009   13589
     0.280    -0.160    -0.013   13879
     0.300    -0.160    -0.015   13827
     0.320    -0.160    -0.018   14352
     0.340    -0.160    -0.018    5179
    -0.340    -0.140     0.015    4708
    -0.320    -0.140     0.015   13930
    -0.300    -0.140     0.014   12924
    -0.280    -0.140     0.013   13942
    -0.260    -0.140     0.011   12497
    -0.240    -0.140     0.012   14133
    -0.220    -0.140     0.013   13562
    -0.200    -0.140     0.015   13005
    -0.180    -0.140     0.017   13802
    -0.160    -0.140     0.017   13140
    -0.140    -0.140     0.015   13608
    -0.120    -0.140     0.007   12939
    -0.100    -0.140    -0.000    2123
    -0.080    -0.140    -0.008       0
    -0.060    -0.140    -0.010       0
    -0.040    -0.140    -0.013       0
    -0.020    -0.140    -0.013       0
     0.000    -0.140    -0.000       0
     0.020    -0.140     0.006       0
     0.040    -0.140     0.006       0
     0.060    -0.140     0.004       0
     0.080    -0.140     0.002       0
     0.100    -0.140     0.007    2619
     0.120    -0.140     0.015   13755
     0.140    -0.140     0.019   13033
     0.160    -0.140     0.015   13423
     0.180    -0.140     0.009   13104
     0.200    -0.140     0.005   14430
     0.220    -0.140     0.001   14084
     0.240    -0.140    -0.003   14304
     0.260    -0.140    -0.007   14158
     0.280    -0.140    -0.011   14349
     0.300    -0.140    -0.015   14579
     0.320    -0.140    -0.018   14405
     0.340    -0.140    -0.020    4830
    -0.340    -0.120     0.011    4787
    -0.320    -0.120     0.011   12858
    -0.300    -0.120     0.010   13432
    -0.280    -0.120     0.009   14639
    -0.260    -0.120     0.008   11955
    -0.240    -0.120     0.008   13393
    -0.220    -0.120     0.009   13626
    -0.200    -0.120     0.011   12344
    -0.180    -0.120     0.012   12601
    -0.160    -0.120     0.013   13436
    -0.140    -0.120     0.011   13175
    -0.120    -0.120     0.004   13142
    -0.100    -0.120    -0.003    2373
    -0.080    -0.120    -0.009       0
    -0.060    -0.120    -0.011       0
    -0.040    -0.120    -0.013       0
    -0.020    -0.120    -0.013       0
     0.000    -0.120    -0.000       0
     0.020    -0.120     0.006       0
     0.040    -0.120     0.006       0
     0.060    -0.120     0.003       0
     0.080    -0.120    -0.001       0
     0.100    -0.120     0.002    2558
     0.120    -0.120     0.007   13311
     0.140    -0.120     0.011   12621
     0.160    -0.120     0.009   12768
     0.180    -0.120     0.004   13392
     0.200    -0.120    -0.001   14582
     0.220    -0.120    -0.005   14075
     0.240    -0.120    -0.008   13742
     0.260    -0.120    -0.011   14313
     0.280    -0.120    -0.015   14131
     0.300    -0.120    -0.021   14201
     0.320    -0.120    -0.025   14265
     0.340    -0.120    -0.030    4422
    -0.340    -0.100     0.005    1265
    -0.320    -0.100     0.005    3555
    -0.300    -0.100     0.004    4073
    -0.280    -0.100     0.004    4000
    -0.260    -0.100     0.003    3443
    -0.240    -0.100     0.003    3845
    -0.220    -0.100     0.003    3843
    -0.200    -0.100     0.004    3972
    -0.180    -0.100     0.005    3859
    -0.160    -0.100     0.007    4027
    -0.140    -0.100     0.005    4357
    -0.120    -0.100    -0.002    4112
    -0.100    -0.100    -0.008     706
    -0.080    -0.100    -0.011       0
    -0.060    -0.100    -0.012       0
    -0.040    -0.100    -0.013       0
    -0.020    -0.100    -0.013       0
     0.000    -0.100    -0.000       0
     0.020    -0.100     0.006       0
     0.040    -0.100     0.006       0
     0.060    -0.100     0.003       0
     0.080    -0.100    -0.002       0
     0.100    -0.100    -0.002     370
     0.120    -0.100    -0.001    1985
     0.140    -0.100     0.003    2205
     0.160    -0.100     0.004    2282
     0.180    -0.100    -0.001    2498
     0.200    -0.100    -0.006    2829
     0.220    -0.100    -0.012    2262
     0.240    -0.100    -0.014    2364
     0.260    -0.100    -0.017    2605
     0.280    -0.100    -0.021    2990
     0.300    -0.100    -0.027    2566
     0.320    -0.100    -0.033    2865
     0.340    -0.100    -0.039     910
    -0.340    -0.080    -0.004       0
    -0.320    -0.080    -0.005       0
    -0.300    -0.080    -0.005       0
    -0.280    -0.080    -0.005       0
    -0.260    -0.080    -0.005       0
    -0.240    -0.080    -0.005       0
    -0.220    -0.080    -0.006       0
    -0.200    -0.080    -0.006       0
    -0.180    -0.080    -0.005       0
    -0.160    -0.080    -0.004       0
    -0.140    -0.080    -0.005       0
    -0.120    -0.080    -0.009       0
    -0.100    -0.080    -0.012       0
    -0.080    -0.080    -0.013       0
    -0.060    -0.080    -0.013       0
    -0.040    -0.080    -0.013       0
    -0.020    -0.080    -0.013       0
     0.000    -0.080    -0.000       0
     0.020    -0.080     0.006       0
     0.040    -0.080     0.006       0
     0.060    -0.080     0.004       0
     0.080    -0.080     0.001       0
     0.100    -0.080    -0.001       0
     0.120    -0.080    -0.003       0
     0.140    -0.080    -0.001       0
     0.160    -0.080     0.001       0
     0.180    -0.080    -0.002       0
     0.200    -0.080    -0.006       0
     0.220    -0.080    -0.010       0
     0.240    -0.080    -0.011       0
     0.260    -0.080    -0.013       0
     0.280    -0.080    -0.016       0
     0.300    -0.080    -0.020       0
     0.320    -0.080    -0.025       0
     0.340    -0.080    -0.030       0
    -0.340    -0.060    -0.008       0
    -0.320    -0.060    -0.009       0
    -0.300    -0.060    -0.009       0
    -0.280    -0.060    -0.009       0
    -0.260    -0.060    -0.009       0
    -0.240    -0.060    -0.009       0
    -0.220    -0.060    -0.009       0
    -0.200    -0.060    -0.009       0
    -0.180    -0.060    -0.009       0
    -0.160    -0.060    -0.008       0
    -0.140    -0.060    -0.009       0
    -0.120    -0.060    -0.011       0
    -0.100    -0.060    -0.013       0
    -0.080    -0.060    -0.013       0
    -0.060    -0.060    -0.013       0
    -0.040    -0.060    -0.013       0
    -0.020    -0.060    -0.013       0
     0.000    -0.060    -0.000       0
     0.020    -0.060     0.006       0
     0.040    -0.060     0.006       0
     0.060    -0.060     0.006       0
     0.080    -0.060     0.004       0
     0.100    -0.060     0.002       0
     0.120    -0.060     0.002       0
     0.140    -0.060     0.003       0
     0.160    -0.060     0.003       0
     0.180    -0.060     0.002       0
     0.200    -0.060     0.000       0
     0.220    -0.060    -0.002       0
     0.240    -0.060    -0.003       0
     0.260    -0.060    -0.004       0
     0.280    -0.060    -0.005       0
     0.300    -0.060    -0.007       0
     0.320    -0.060    -0.010       0
     0.340    -0.060    -0.012       0
    -0.340    -0.040    -0.013       0
    -0.320    -0.040    -0.013       0
    -0.300    -0.040    -0.013       0
    -0.280    -0.040    -0.013       0
    -0.260    -0.040    -0.013       0
    -0.240    -0.040    -0.013       0
    -0.220    -0.040    -0.013       0
    -0.200    -0.040    -0.013       0
    -0.180    -0.040    -0.013       0
    -0.160    -0.040    -0.013       0
    -0.140    -0.040    -0.013       0
    -0.120    -0.040    -0.013       0
    -0.100    -0.040    -0.013       0
    -0.080    -0.040    -0.013       0
    -0.060    -0.040    -0.013       0
    -0.040    -0.040    -0.013       0
    -0.020    -0.040    -0.013       0
     0.000    -0.040     0.000       0
     0.020    -0.040     0.006       0
     0.040    -0.040     0.006       0
     0.060    -0.040     0.006       0
     0.080    -0.040     0.006       0
     0.100    -0.040     0.006       0
     0.120    -0.040     0.006       0
     0.140    -0.040     0.006       0
     0.160    -0.040     0.006       0
     0.180    -0.040     0.006       0
     0.200    -0.040     0.006       0
     0.220    -0.040     0.006       0
     0.240    -0.040     0.006       0
     0.260    -0.040     0.006       0
     0.280    -0.040     0.006       0
     0.300    -0.040     0.006       0
     0.320    -0.040     0.006       0
     0.340    -0.040     0.006       0
    -0.340    -0.020    -0.013       0
    -0.320    -0.020    -0.013       0
    -0.300    -0.020    -0.013       0
    -0.280    -0.020    -0.013       0
    -0.260    -0.020    -0.013       0
    -0.240    -0.020    -0.013       0
    -0.220    -0.020    -0.013       0
    -0.200    -0.020    -0.013       0
    -0.180    -0.020    -0.013       0
    -0.160    -0.020    -0.013       0
    -0.140    -0.020    -0.013       0
    -0.120    -0.020    -0.013       0
    -0.100    -0.020    -0.013       0
    -0.080    -0.020    -0.013       0
    -0.060    -0.020    -0.013       0
    -0.040    -0.020    -0.013       0
    -0.020    -0.020    -0.013       0
     0.000    -0.020     0.000       0
     0.020    -0.020     0.006       0
     0.040    -0.020     0.006       0
     0.060    -0.020     0.006       0
     0.080    -0.020     0.006       0
     0.100    -0.020     0.006       0
     0.120    -0.020     0.006       0
     0.140    -0.020     0.006       0
     0.160    -0.020     0.006       0
     0.180    -0.020     0.006       0
     0.200    -0.020     0.006       0
     0.220    -0.020     0.006       0
     0.240    -0.020     0.006       0
     0.260    -0.020     0.006       0
     0.280    -0.020     0.006       0
     0.300    -0.020     0.006       0
     0.320    -0.020     0.006       0
     0.340    -0.020     0.006       0
    -0.340     0.000    -0.000       0
    -0.320     0.000    -0.000       0
    -0.300     0.000     0.000       0
    -0.280     0.000     0.000       0
    -0.260     0.000     0.000       0
    -0.240     0.000    -0.000       0
    -0.220     0.000    -0.000       0
    -0.200     0.000    -0.000       0
    -0.180     0.000     0.000       0
    -0.160     0.000     0.000       0
    -0.140     0.000     0.000       0
    -0.120     0.000    -0.000       0
    -0.100     0.000    -0.000       0
    -0.080     0.000     0.000       0
    -0.060     0.000    -0.000       0
    -0.040     0.000     0.000       0
    -0.020     0.000     0.000       0
     0.000     0.000     0.000       0
     0.020     0.000     0.000       0
     0.040     0.000     0.000       0
     0.060     0.000    -0.000       0
     0.080     0.000     0.000       0
     0.100     0.000    -0.000       0
     0.120     0.000     0.000       0
     0.140     0.000     0.000       0
     0.160     0.000     0.000       0
     0.180     0.000     0.000       0
     0.200     0.000     0.000       0
     0.220     0.000     0.000       0
     0.240     0.000     0.000       0
     0.260     0.000     0.000       0
     0.280     0.000     0.000       0
     0.300     0.000     0.000       0
     0.320     0.000     0.000       0
     0.340     0.000     0.000       0
    -0.340     0.020    -0.011       0
    -0.320     0.020    -0.011       0
    -0.300     0.020    -0.011       0
    -0.280     0.020    -0.011       0
    -0.260     0.020    -0.011       0
    -0.240     0.020    -0.011       0
    -0.220     0.020    -0.011       0
    -0.200     0.020    -0.011       0
    -0.180     0.020    -0.011       0
    -0.160     0.020    -0.011       0
    -0.140     0.020    -0.011       0
    -0.120     0.020    -0.011       0
    -0.100     0.020    -0.011       0
    -0.080     0.020    -0.011       0
    -0.060     0.020    -0.011       0
    -0.040     0.020    -0.011       0
    -0.020     0.020    -0.011       0
     0.000     0.020     0.000       0
     0.020     0.020     0.025       0
     0.040     0.020     0.025       0
     0.060     0.020     0.025       0
     0.080     0.020     0.025       0
     0.100     0.020     0.025       0
     0.120     0.020     0.025       0
     0.140     0.020     0.025       0
     0.160     0.020     0.025       0
     0.180     0.020     0.025       0
     0.200     0.020     0.025       0
     0.220     0.020     0.025       0
     0.240     0.020     0.025       0
     0.260     0.020     0.025       0
     0.280     0.020     0.025       0
     0.300     0.020     0.025       0
     0.320     0.020     0.025       0
     0.340     0.020     0.025       0
    -0.340     0.040    -0.011       0
    -0.320     0.040    -0.011       0
    -0.300     0.040    -0.011       0
    -0.280     0.040    -0.011       0
    -0.260     0.040    -0.011       0
    -0.240     0.040    -0.011       0
    -0.220     0.040    -0.011       0
    -0.200     0.040    -0.011       0
    -0.180     0.040    -0.011       0
    -0.160     0.040    -0.011       0
    -0.140     0.040    -0.011       0
    -0.120     0.040    -0.011       0
    -0.100     0.040    -0.011       0
    -0.080     0.040    -0.011       0
    -0.060     0.040    -0.011       0
    -0.040     0.040    -0.011       0
    -0.020     0.040    -0.011       0
     0.000     0.040     0.000       0
     0.020     0.040     0.025       0
     0.040     0.040     0.025       0
     0.060     0.040     0.025       0
     0.080     0.040     0.025       0
     0.100     0.040     0.025       0
     0.120     0.040     0.025       0
     0.140     0.040     0.025       0
     0.160     0.040     0.025       0
     0.180     0.040     0.025       0
     0.200     0.040     0.025       0
     0.220     0.040     0.025       0
     0.240     0.040     0.025       0
     0.260     0.040     0.025       0
     0.280     0.040     0.025       0
     0.300     0.040     0.025       0
     0.320     0.040     0.025       0
     0.340     0.040     0.025       0
    -0.340     0.060     0.006       0
    -0.320     0.060     0.008       0
    -0.300     0.060     0.010       0
    -0.280     0.060     0.010       0
    -0.260     0.060     0.009       0
    -0.240     0.060     0.006       0
    -0.220     0.060     0.001       0
    -0.200     0.060    -0.004       0
    -0.180     0.060    -0.007       0
    -0.160     0.060    -0.005       0
    -0.140     0.060    -0.004       0
    -0.120     0.060    -0.005       0
    -0.100     0.060    -0.008       0
    -0.080     0.060    -0.011       0
    -0.060     0.060    -0.011       0
    -0.040     0.060    -0.011       0
    -0.020     0.060    -0.011       0
     0.000     0.060     0.000       0
     0.020     0.060     0.025       0
     0.040     0.060     0.025       0
     0.060     0.060     0.025       0
     0.080     0.060     0.025       0
     0.100     0.060     0.023       0
     0.120     0.060     0.022       0
     0.140     0.060     0.020       0
     0.160     0.060     0.021       0
     0.180     0.060     0.020       0
     0.200     0.060     0.018       0
     0.220     0.060     0.016       0
     0.240     0.060     0.014       0
     0.260     0.060     0.012       0
     0.280     0.060     0.012       0
     0.300     0.060     0.011       0
     0.320     0.060     0.010       0
     0.340     0.060     0.010       0
    -0.340     0.080     0.024       0
    -0.320     0.080     0.027       0
    -0.300     0.080     0.031       0
    -0.280     0.080     0.032       0
    -0.260     0.080     0.030       0
    -0.240     0.080     0.024       0
    -0.220     0.080     0.013       0
    -0.200     0.080     0.003       0
    -0.180     0.080    -0.003       0
    -0.160     0.080     0.001       0
    -0.140     0.080     0.004       0
    -0.120     0.080     0.002       0
    -0.100     0.080    -0.003       0
    -0.080     0.080    -0.009       0
    -0.060     0.080    -0.011       0
    -0.040     0.080    -0.011       0
    -0.020     0.080    -0.011       0
     0.000     0.080     0.000       0
     0.020     0.080     0.025       0
     0.040     0.080     0.025       0
     0.060     0.080     0.023       0
     0.080     0.080     0.021       0
     0.100     0.080     0.019       0
     0.120     0.080     0.018       0
     0.140     0.080     0.016       0
     0.160     0.080     0.017       0
     0.180     0.080     0.014       0
     0.200     0.080     0.012       0
     0.220     0.080     0.007       0
     0.240     0.080     0.003       0
     0.260     0.080    -0.000       0
     0.280     0.080    -0.002       0
     0.300     0.080    -0.003       0
     0.320     0.080    -0.004       0
     0.340     0.080    -0.005       0
    -0.340     0.100     0.042     107
    -0.320     0.100     0.047    1326
    -0.300     0.100     0.052    1233
    -0.280     0.100     0.054    1453
    -0.260     0.100     0.051    1554
    -0.240     0.100     0.042    1488
    -0.220     0.100     0.026    1680
    -0.200     0.100     0.014    1350
    -0.180     0.100     0.008    1446
    -0.160     0.100     0.014    1445
    -0.140     0.100     0.021    1500
    -0.120     0.100     0.018    1530
    -0.100     0.100     0.011     355
    -0.080     0.100    -0.002       0
    -0.060     0.100    -0.007       0
    -0.040     0.100    -0.011       0
    -0.020     0.100    -0.011       0
     0.000     0.100     0.000       0
     0.020     0.100     0.025       0
     0.040     0.100     0.025       0
     0.060     0.100     0.021       0
     0.080     0.100     0.017       0
     0.100     0.100     0.016     140
     0.120     0.100     0.018    3852
     0.140     0.100     0.018    3674
     0.160     0.100     0.018    3571
     0.180     0.100     0.014    3865
     0.200     0.100     0.009    3506
     0.220     0.100     0.002    3266
     0.240     0.100    -0.003    3314
     0.260     0.100    -0.008    3373
     0.280     0.100    -0.010    3194
     0.300     0.100    -0.011    3186
     0.320     0.100    -0.014    3412
     0.340     0.100    -0.016    1318
    -0.340     0.120     0.043    2828
    -0.320     0.120     0.045   13832
    -0.300     0.120     0.049   13847
    -0.280     0.120     0.050   14894
    -0.260     0.120     0.048   12793
    -0.240     0.120     0.041   13024
    -0.220     0.120     0.028   13921
    -0.200     0.120     0.018   13020
    -0.180     0.120     0.014   13321
    -0.160     0.120     0.022   14200
    -0.140     0.120     0.030   14639
    -0.120     0.120     0.028   14656
    -0.100     0.120     0.021    4751
    -0.080     0.120     0.007       0
    -0.060     0.120    -0.002       0
    -0.040     0.120    -0.011       0
    -0.020     0.120    -0.011       0
     0.000     0.120     0.000       0
     0.020     0.120     0.025       0
     0.040     0.120     0.025       0
     0.060     0.120     0.019       0
     0.080     0.120     0.013       0
     0.100     0.120     0.014     835
     0.120     0.120     0.020   14963
     0.140     0.120     0.025   14628
     0.160     0.120     0.024   13442
     0.180     0.120     0.019   13407
     0.200     0.120     0.013   13331
     0.220     0.120     0.006   14211
     0.240     0.120     0.001   14298
     0.260     0.120    -0.003   13384
     0.280     0.120    -0.004   13509
     0.300     0.120    -0.006   13599
     0.320     0.120    -0.008   13835
     0.340     0.120    -0.011    5775
    -0.340     0.140     0.036    2798
    -0.320     0.140     0.037   13122
    -0.300     0.140     0.039   14159
    -0.280     0.140     0.039   14025
    -0.260     0.140     0.038   13163
    -0.240     0.140     0.032   13629
    -0.220     0.140     0.024   14112
    -0.200     0.140     0.018   13253
    -0.180     0.140     0.019   12973
    -0.160     0.140     0.028   14025
    -0.140     0.140     0.036   13854
    -0.120     0.140     0.036   13420
    -0.100     0.140     0.031    5016
    -0.080     0.140     0.015       0
    -0.060     0.140     0.002       0
    -0.040     0.140    -0.011       0
    -0.020     0.140    -0.011       0
     0.000     0.140     0.000       0
     0.020     0.140     0.025       0
     0.040     0.140     0.025       0
     0.060     0.140     0.020       0
     0.080     0.140     0.015       0
     0.100     0.140     0.015    1049
     0.120     0.140     0.022   13890
     0.140     0.140     0.029   13874
     0.160     0.140     0.026   14094
     0.180     0.140     0.020   14494
     0.200     0.140     0.014   14114
     0.220     0.140     0.009   13457
     0.240     0.140     0.005   14485
     0.260     0.140     0.002   14771
     0.280     0.140     0.000   14339
     0.300     0.140    -0.001   14861
     0.320     0.140    -0.004   14096
     0.340     0.140    -0.006    6094
    -0.340     0.160     0.021    2802
    -0.320     0.160     0.021   12590
    -0.300     0.160     0.021   13538
    -0.280     0.160     0.020   14950
    -0.260     0.160     0.019   12933
    -0.240     0.160     0.017   13456
    -0.220     0.160     0.014   13224
    -0.200     0.160     0.012   14312
    -0.180     0.160     0.015   14304
    -0.160     0.160     0.023   12614
    -0.140     0.160     0.031   13541
    -0.120     0.160     0.033   13919
    -0.100     0.160     0.031    5053
    -0.080     0.160     0.017       0
    -0.060     0.160     0.003       0
    -0.040     0.160    -0.011       0
    -0.020     0.160    -0.011       0
     0.000     0.160     0.000       0
     0.020     0.160     0.025       0
     0.040     0.160     0.025       0
     0.060     0.160     0.020       0
     0.080     0.160     0.016       0
     0.100     0.160     0.015     730
     0.120     0.160     0.020   14305
     0.140     0.160     0.024   14223
     0.160     0.160     0.021   14092
     0.180     0.160     0.016   13892
     0.200     0.160     0.010   13717
     0.220     0.160     0.005   13285
     0.240     0.160     0.002   13694
     0.260     0.160    -0.001   14158
     0.280     0.160    -0.002   12918
     0.300     0.160    -0.003   13048
     0.320     0.160    -0.005   14102
     0.340     0.160    -0.006    5635
    -0.340     0.180     0.006    3143
    -0.320     0.180     0.004   12010
    -0.300     0.180     0.003   13148
    -0.280     0.180     0.002   14914
    -0.260     0.180     0.002   12696
    -0.240     0.180     0.001   14027
    -0.220     0.180     0.001   13096
    -0.200     0.180     0.003   13289
    -0.180     0.180     0.008   13745
    -0.160     0.180     0.018   14355
    -0.140     0.180     0.026   14104
    -0.120     0.180     0.030   13909
    -0.100     0.180     0.029    4962
    -0.080     0.180     0.015       0
    -0.060     0.180     0.002       0
    -0.040     0.180    -0.011       0
    -0.020     0.180    -0.011       0
     0.000     0.180     0.000       0
     0.020     0.180     0.025       0
     0.040     0.180     0.025       0
     0.060     0.180     0.021       0
     0.080     0.180     0.017       0
     0.100     0.180     0.015     821
     0.120     0.180     0.018   14272
     0.140     0.180     0.019   13828
     0.160     0.180     0.016   14526
     0.180     0.180     0.011   14095
     0.200     0.180     0.006   13930
     0.220     0.180     0.001   14498
     0.240     0.180    -0.003   13065
     0.260     0.180    -0.006   13813
     0.280     0.180    -0.007   14630
     0.300     0.180    -0.008   14883
     0.320     0.180    -0.010   14352
     0.340     0.180    -0.011    5924
    -0.340     0.200    -0.002    3201
    -0.320     0.200    -0.005   12293
    -0.300     0.200    -0.009   13099
    -0.280     0.200    -0.009   14797
    -0.260     0.200    -0.009   12544
    -0.240     0.200    -0.009   13388
    -0.220     0.200    -0.009   12856
    -0.200     0.200    -0.007   13415
    -0.180     0.200    -0.001   14047
    -0.160     0.200     0.009   13673
    -0.140     0.200     0.017   14838
    -0.120     0.200     0.022   14256
    -0.100     0.200     0.022    5192
    -0.080     0.200     0.011       0
    -0.060     0.200    -0.000       0
    -0.040     0.200    -0.011       0
    -0.020     0.200    -0.011       0
     0.000     0.200     0.000       0
     0.020     0.200     0.025       0
     0.040     0.200     0.025       0
     0.060     0.200     0.021       0
     0.080     0.200     0.017       0
     0.100     0.200     0.015    1051
     0.120     0.200     0.017   13554
     0.140     0.200     0.018   14113
     0.160     0.200     0.014   14742
     0.180     0.200     0.008   13173
     0.200     0.200     0.003   13474
     0.220     0.200    -0.003   13502
     0.240     0.200    -0.007   13379
     0.260     0.200    -0.011   13483
     0.280     0.200    -0.012   12989
     0.300     0.200    -0.014   14532
     0.320     0.200    -0.016   13931
     0.340     0.200    -0.018    5425
    -0.340     0.220     0.005    3111
    -0.320     0.220     0.000   12560
    -0.300     0.220    -0.006   13833
    -0.280     0.220    -0.009   14218
    -0.260     0.220    -0.012   12408
    -0.240     0.220    -0.015   13495
    -0.220     0.220    -0.016   13695
    -0.200     0.220    -0.013   12586
    -0.180     0.220    -0.009   13499
    -0.160     0.220    -0.000   13792
    -0.140     0.220     0.006   13843
    -0.120     0.220     0.010   13417
    -0.100     0.220     0.010    4559
    -0.080     0.220     0.002       0
    -0.060     0.220    -0.005       0
    -0.040     0.220    -0.011       0
    -0.020     0.220    -0.011       0
     0.000     0.220     0.000       0
     0.020     0.220     0.025       0
     0.040     0.220     0.025       0
     0.060     0.220     0.020       0
     0.080     0.220     0.015       0
     0.100     0.220     0.013     961
     0.120     0.220     0.016   13507
     0.140     0.220     0.017   13775
     0.160     0.220     0.013   13498
     0.180     0.220     0.006   14077
     0.200     0.220     0.002   13895
     0.220     0.220    -0.004   13273
     0.240     0.220    -0.009   14024
     0.260     0.220    -0.013   14725
     0.280     0.220    -0.016   13365
     0.300     0.220    -0.020   12233
     0.320     0.220    -0.023   13000
     0.340     0.220    -0.027    5531
    -0.340     0.240     0.012    3276
    -0.320     0.240     0.006   12082
    -0.300     0.240    -0.000   12799
    -0.280     0.240    -0.005   14390
    -0.260     0.240    -0.012   12030
    -0.240     0.240    -0.018   13679
    -0.220     0.240    -0.019   13716
    -0.200     0.240    -0.017   13438
    -0.180     0.240    -0.014   13256
    -0.160     0.240    -0.008   15007
    -0.140     0.240    -0.004   14189
    -0.120     0.240    -0.002   13429
    -0.100     0.240    -0.002    5120
    -0.080     0.240    -0.006       0
    -0.060     0.240    -0.009       0
    -0.040     0.240    -0.011       0
    -0.020     0.240    -0.011       0
     0.000     0.240     0.000       0
     0.020     0.240     0.025       0
     0.040     0.240     0.025       0
     0.060     0.240     0.019       0
     0.080     0.240     0.013       0
     0.100     0.240     0.012     965
     0.120     0.240     0.017   14030
     0.140     0.240     0.018   14319
     0.160     0.240     0.012   13515
     0.180     0.240     0.004   14337
     0.200     0.240     0.001   13864
     0.220     0.240    -0.005   13332
     0.240     0.240    -0.008   13508
     0.260     0.240    -0.014   12920
     0.280     0.240    -0.018   13724
     0.300     0.240    -0.023   12815
     0.320     0.240    -0.027   12352
     0.340     0.240    -0.031    5274
    -0.340     0.260     0.017    2985
    -0.320     0.260     0.011   12204
    -0.300     0.260     0.004   12959
    -0.280     0.260    -0.003   14476
    -0.260     0.260    -0.013   12704
    -0.240     0.260    -0.020   13677
    -0.220     0.260    -0.019   13520
    -0.200     0.260    -0.016   13275
    -0.180     0.260    -0.013   13316
    -0.160     0.260    -0.009   13656
    -0.140     0.260    -0.007   13130
    -0.120     0.260    -0.007   14522
    -0.100     0.260    -0.009    4191
    -0.080     0.260    -0.010       0
    -0.060     0.260    -0.011       0
    -0.040     0.260    -0.011       0
    -0.020     0.260    -0.011       0
     0.000     0.260     0.000       0
     0.020     0.260     0.025       0
     0.040     0.260     0.025       0
     0.060     0.260     0.018       0
     0.080     0.260     0.011       0
     0.100     0.260     0.010     988
     0.120     0.260     0.016   13605
     0.140     0.260     0.018   13814
     0.160     0.260     0.012   12672
     0.180     0.260     0.005   13889
     0.200     0.260     0.000   14061
     0.220     0.260    -0.004   13530
     0.240     0.260    -0.008   13544
     0.260     0.260    -0.013   13464
     0.280     0.260    -0.018   13320
     0.300     0.260    -0.024   13621
     0.320     0.260    -0.029   13532
     0.340     0.260    -0.034    5133
    -0.340     0.280     0.009    3281
    -0.320     0.280     0.004   13237
    -0.300     0.280    -0.001   13590
    -0.280     0.280    -0.008   13897
    -0.260     0.280    -0.015   13388
    -0.240     0.280    -0.020   13384
    -0.220     0.280    -0.019   13165
    -0.200     0.280    -0.015   13353
    -0.180     0.280    -0.011   13886
    -0.160     0.280    -0.007   13844
    -0.140     0.280    -0.004   13217
    -0.120     0.280    -0.005   12982
    -0.100     0.280    -0.009    4661
    -0.080     0.280    -0.012       0
    -0.060     0.280    -0.012       0
    -0.040     0.280    -0.011       0
    -0.020     0.280    -0.011       0
     0.000     0.280     0.000       0
     0.020     0.280     0.025       0
     0.040     0.280     0.025       0
     0.060     0.280     0.018       0
     0.080     0.280     0.011       0
     0.100     0.280     0.009    1146
     0.120     0.280     0.014   13367
     0.140     0.280     0.017   14542
     0.160     0.280     0.012   13446
     0.180     0.280     0.005   12970
     0.200     0.280     0.000   12998
     0.220     0.280    -0.004   13231
     0.240     0.280    -0.007   13227
     0.260     0.280    -0.012   12824
     0.280     0.280    -0.017   13287
     0.300     0.280    -0.023   13128
     0.320     0.280    -0.030   12179
     0.340     0.280    -0.036    4597
    -0.340     0.300    -0.002    3162
    -0.320     0.300    -0.005   12817
    -0.300     0.300    -0.008   12706
    -0.280     0.300    -0.013   14242
    -0.260     0.300    -0.018   13629
    -0.240     0.300    -0.021   13501
    -0.220     0.300    -0.018   13011
    -0.200     0.300    -0.013   13495
    -0.180     0.300    -0.008   13244
    -0.160     0.300    -0.005   13690
    -0.140     0.300    -0.001   14180
    -0.120     0.300    -0.002   14036
    -0.100     0.300    -0.008    4741
    -0.080     0.300    -0.013       0
    -0.060     0.300    -0.012       0
    -0.040     0.300    -0.011       0
    -0.020     0.300    -0.011       0
     0.000     0.300     0.000       0
     0.020     0.300     0.025       0
     0.040     0.300     0.025       0
     0.060     0.300     0.018       0
     0.080     0.300     0.011       0
     0.100     0.300     0.007     955
     0.120     0.300     0.012   13849
     0.140     0.300     0.015   14125
     0.160     0.300     0.011   14145
     0.180     0.300     0.004   13514
     0.200     0.300    -0.000   13374
     0.220     0.300    -0.003   12446
     0.240     0.300    -0.006   12982
     0.260     0.300    -0.011   12742
     0.280     0.300    -0.016   13648
     0.300     0.300    -0.023   12580
     0.320     0.300    -0.031   12939
     0.340     0.300    -0.038    5053
    -0.340     0.320    -0.019    3448
    -0.320     0.320    -0.019   12525
    -0.300     0.320    -0.019   13530
    -0.280     0.320    -0.020   13623
    -0.260     0.320    -0.021   13332
    -0.240     0.320    -0.021   13262
    -0.220     0.320    -0.017   12973
    -0.200     0.320    -0.012   13377
    -0.180     0.320    -0.006   13790
    -0.160     0.320    -0.003   13021
    -0.140     0.320     0.002   13235
    -0.120     0.320     0.001   14506
    -0.100     0.320    -0.007    4432
    -0.080     0.320    -0.014       0
    -0.060     0.320    -0.013       0
    -0.040     0.320    -0.011       0
    -0.020     0.320    -0.011       0
     0.000     0.320    -0.000       0
     0.020     0.320     0.025       0
     0.040     0.320     0.025       0
     0.060     0.320     0.018       0
     0.080     0.320     0.010       0
     0.100     0.320     0.005    1007
     0.120     0.320     0.011   14048
     0.140     0.320     0.014   13838
     0.160     0.320     0.009   14578
     0.180     0.320     0.003   13268
     0.200     0.320    -0.001   14318
     0.220     0.320    -0.002   13129
     0.240     0.320    -0.004   13073
     0.260     0.320    -0.010   13389
     0.280     0.320    -0.015   12275
     0.300     0.320    -0.023   12149
     0.320     0.320    -0.033   11138
     0.340     0.320    -0.042    3942
    -0.340     0.340    -0.034    1240
    -0.320     0.340    -0.031    5262
    -0.300     0.340    -0.028    5496
    -0.280     0.340    -0.025    6006
    -0.260     0.340    -0.024    4819
    -0.240     0.340    -0.021    5002
    -0.220     0.340    -0.016    5282
    -0.200     0.340    -0.011    5622
    -0.180     0.340    -0.003    5384
    -0.160     0.340    -0.002    5287
    -0.140     0.340     0.005    5063
    -0.120     0.340     0.004    5863
    -0.100     0.340    -0.006    1653
    -0.080     0.340    -0.015       0
    -0.060     0.340    -0.013       0
    -0.040     0.340    -0.011       0
    -0.020     0.340    -0.011       0
     0.000     0.340    -0.000       0
     0.020     0.340     0.025       0
     0.040     0.340     0.025       0
     0.060     0.340     0.018       0
     0.080     0.340     0.010       0
     0.100     0.340     0.002     206
     0.120     0.340     0.010    3439
     0.140     0.340     0.013    3625
     0.160     0.340     0.007    3541
     0.180     0.340     0.001    3870
     0.200     0.340    -0.001    3587
     0.220     0.340    -0.002    3638
     0.240     0.340    -0.003    3991
     0.260     0.340    -0.009    3478
     0.280     0.340    -0.015    3872
     0.300     0.340    -0.023    3120
     0.320     0.340    -0.034    2772
     0.340     0.340    -0.046     568
