    Xi (deg)   Xn       delMag   No. in bin
    -0.340    -0.340    -0.021      21
    -0.320    -0.340    -0.021    2018
    -0.300    -0.340    -0.019    2434
    -0.280    -0.340    -0.016    2036
    -0.260    -0.340    -0.014    2000
    -0.240    -0.340    -0.009    2631
    -0.220    -0.340    -0.009    2358
    -0.200    -0.340    -0.005    2581
    -0.180    -0.340     0.002    2058
    -0.160    -0.340     0.004    2488
    -0.140    -0.340     0.001    2047
    -0.120    -0.340    -0.007    2466
    -0.100    -0.340    -0.014     341
    -0.080    -0.340    -0.008       0
    -0.060    -0.340     0.001       0
    -0.040    -0.340     0.010       0
    -0.020    -0.340     0.010       0
     0.000    -0.340     0.000       0
     0.020    -0.340    -0.004       0
     0.040    -0.340    -0.004       0
     0.060    -0.340    -0.026       0
     0.080    -0.340    -0.048       0
     0.100    -0.340    -0.057      39
     0.120    -0.340    -0.030    2244
     0.140    -0.340     0.002    2145
     0.160    -0.340     0.011    1784
     0.180    -0.340     0.013    1548
     0.200    -0.340     0.016    1618
     0.220    -0.340     0.013    2250
     0.240    -0.340     0.007    2819
     0.260    -0.340    -0.003    2324
     0.280    -0.340    -0.012    1977
     0.300    -0.340    -0.018    1866
     0.320    -0.340    -0.029    1842
     0.340    -0.340    -0.037     605
    -0.340    -0.320    -0.016    1093
    -0.320    -0.320    -0.015    7557
    -0.300    -0.320    -0.014    8485
    -0.280    -0.320    -0.012    8648
    -0.260    -0.320    -0.010    7898
    -0.240    -0.320    -0.006    8837
    -0.220    -0.320    -0.005    8471
    -0.200    -0.320    -0.002    7829
    -0.180    -0.320     0.003    7733
    -0.160    -0.320     0.005    8560
    -0.140    -0.320     0.004    8541
    -0.120    -0.320    -0.004    8926
    -0.100    -0.320    -0.011    1703
    -0.080    -0.320    -0.007       0
    -0.060    -0.320     0.001       0
    -0.040    -0.320     0.010       0
    -0.020    -0.320     0.010       0
     0.000    -0.320     0.000       0
     0.020    -0.320    -0.004       0
     0.040    -0.320    -0.004       0
     0.060    -0.320    -0.027       0
     0.080    -0.320    -0.051       0
     0.100    -0.320    -0.056      65
     0.120    -0.320    -0.029    8359
     0.140    -0.320     0.002    8532
     0.160    -0.320     0.009    8104
     0.180    -0.320     0.012    6890
     0.200    -0.320     0.014    8533
     0.220    -0.320     0.012    9210
     0.240    -0.320     0.008    9168
     0.260    -0.320     0.001   10406
     0.280    -0.320    -0.005   10120
     0.300    -0.320    -0.010    9173
     0.320    -0.320    -0.019    8593
     0.340    -0.320    -0.027    3247
    -0.340    -0.300    -0.011    2345
    -0.320    -0.300    -0.009    7803
    -0.300    -0.300    -0.008    8909
    -0.280    -0.300    -0.006    9492
    -0.260    -0.300    -0.005    8624
    -0.240    -0.300    -0.003    9731
    -0.220    -0.300    -0.002    8624
    -0.200    -0.300     0.000    8956
    -0.180    -0.300     0.003    8706
    -0.160    -0.300     0.005    8140
    -0.140    -0.300     0.006    8609
    -0.120    -0.300    -0.001    9307
    -0.100    -0.300    -0.008    1373
    -0.080    -0.300    -0.006       0
    -0.060    -0.300     0.002       0
    -0.040    -0.300     0.010       0
    -0.020    -0.300     0.010       0
     0.000    -0.300     0.000       0
     0.020    -0.300    -0.004       0
     0.040    -0.300    -0.004       0
     0.060    -0.300    -0.029       0
     0.080    -0.300    -0.054       0
     0.100    -0.300    -0.055     192
     0.120    -0.300    -0.027    8486
     0.140    -0.300     0.003    8825
     0.160    -0.300     0.008    8606
     0.180    -0.300     0.010    8692
     0.200    -0.300     0.011    8630
     0.220    -0.300     0.010    9647
     0.240    -0.300     0.008   11572
     0.260    -0.300     0.005    9816
     0.280    -0.300     0.002   10309
     0.300    -0.300    -0.002    9892
     0.320    -0.300    -0.009   10687
     0.340    -0.300    -0.016    3882
    -0.340    -0.280    -0.008    2619
    -0.320    -0.280    -0.006    8584
    -0.300    -0.280    -0.005    8858
    -0.280    -0.280    -0.004    9010
    -0.260    -0.280    -0.003    7944
    -0.240    -0.280    -0.002    9994
    -0.220    -0.280     0.000    8428
    -0.200    -0.280     0.002    8314
    -0.180    -0.280     0.005    9693
    -0.160    -0.280     0.007    7921
    -0.140    -0.280     0.009    8624
    -0.120    -0.280     0.001    8708
    -0.100    -0.280    -0.006    1327
    -0.080    -0.280    -0.005       0
    -0.060    -0.280     0.002       0
    -0.040    -0.280     0.010       0
    -0.020    -0.280     0.010       0
     0.000    -0.280    -0.000       0
     0.020    -0.280    -0.004       0
     0.040    -0.280    -0.004       0
     0.060    -0.280    -0.027       0
     0.080    -0.280    -0.050       0
     0.100    -0.280    -0.049     230
     0.120    -0.280    -0.024    9822
     0.140    -0.280     0.002   10171
     0.160    -0.280     0.006    9068
     0.180    -0.280     0.008   10235
     0.200    -0.280     0.010   10049
     0.220    -0.280     0.009   10012
     0.240    -0.280     0.008   11407
     0.260    -0.280     0.007   11846
     0.280    -0.280     0.006   10923
     0.300    -0.280     0.002   10778
     0.320    -0.280    -0.004    9125
     0.340    -0.280    -0.010    4309
    -0.340    -0.260    -0.008    2473
    -0.320    -0.260    -0.006    8151
    -0.300    -0.260    -0.005    8235
    -0.280    -0.260    -0.003    9580
    -0.260    -0.260    -0.002    7576
    -0.240    -0.260    -0.002    8538
    -0.220    -0.260     0.001    8667
    -0.200    -0.260     0.004    7607
    -0.180    -0.260     0.008    7536
    -0.160    -0.260     0.011    7450
    -0.140    -0.260     0.013    7604
    -0.120    -0.260     0.005    7870
    -0.100    -0.260    -0.003    1503
    -0.080    -0.260    -0.005       0
    -0.060    -0.260     0.003       0
    -0.040    -0.260     0.010       0
    -0.020    -0.260     0.010       0
     0.000    -0.260    -0.000       0
     0.020    -0.260    -0.004       0
     0.040    -0.260    -0.004       0
     0.060    -0.260    -0.022       0
     0.080    -0.260    -0.041       0
     0.100    -0.260    -0.040     515
     0.120    -0.260    -0.021    8616
     0.140    -0.260     0.001    8945
     0.160    -0.260     0.003    9088
     0.180    -0.260     0.005    9143
     0.200    -0.260     0.006    9968
     0.220    -0.260     0.006   10064
     0.240    -0.260     0.006   10848
     0.260    -0.260     0.006   10016
     0.280    -0.260     0.005    9336
     0.300    -0.260     0.002    9931
     0.320    -0.260    -0.001    9514
     0.340    -0.260    -0.006    3104
    -0.340    -0.240    -0.006    2383
    -0.320    -0.240    -0.005    7941
    -0.300    -0.240    -0.005    8059
    -0.280    -0.240    -0.003    9971
    -0.260    -0.240    -0.002    7563
    -0.240    -0.240     0.000    8227
    -0.220    -0.240     0.004    9455
    -0.200    -0.240     0.008    9077
    -0.180    -0.240     0.012    7703
    -0.160    -0.240     0.016    7919
    -0.140    -0.240     0.017    8661
    -0.120    -0.240     0.008    9373
    -0.100    -0.240    -0.002    1254
    -0.080    -0.240    -0.004       0
    -0.060    -0.240     0.003       0
    -0.040    -0.240     0.010       0
    -0.020    -0.240     0.010       0
     0.000    -0.240    -0.000       0
     0.020    -0.240    -0.004       0
     0.040    -0.240    -0.004       0
     0.060    -0.240    -0.020       0
     0.080    -0.240    -0.035       0
     0.100    -0.240    -0.035     666
     0.120    -0.240    -0.018    8838
     0.140    -0.240     0.000    9472
     0.160    -0.240     0.001   10158
     0.180    -0.240     0.003   10051
     0.200    -0.240     0.004    9972
     0.220    -0.240     0.004   10901
     0.240    -0.240     0.003   11610
     0.260    -0.240     0.003   10324
     0.280    -0.240     0.002    9558
     0.300    -0.240     0.001   10297
     0.320    -0.240    -0.002   10480
     0.340    -0.240    -0.007    3351
    -0.340    -0.220    -0.006    2145
    -0.320    -0.220    -0.005    7220
    -0.300    -0.220    -0.006    8093
    -0.280    -0.220    -0.003    8638
    -0.260    -0.220    -0.000    8387
    -0.240    -0.220     0.003    9137
    -0.220    -0.220     0.007    7806
    -0.200    -0.220     0.012    8652
    -0.180    -0.220     0.016    8101
    -0.160    -0.220     0.020    9177
    -0.140    -0.220     0.021    9174
    -0.120    -0.220     0.011    9605
    -0.100    -0.220     0.000    1338
    -0.080    -0.220    -0.004       0
    -0.060    -0.220     0.003       0
    -0.040    -0.220     0.010       0
    -0.020    -0.220     0.010       0
     0.000    -0.220     0.000       0
     0.020    -0.220    -0.004       0
     0.040    -0.220    -0.004       0
     0.060    -0.220    -0.017       0
     0.080    -0.220    -0.030       0
     0.100    -0.220    -0.030    1053
     0.120    -0.220    -0.015    9818
     0.140    -0.220     0.001    9741
     0.160    -0.220     0.000    9806
     0.180    -0.220     0.001    9545
     0.200    -0.220     0.001    9909
     0.220    -0.220     0.001   11306
     0.240    -0.220     0.001   10439
     0.260    -0.220     0.001   10315
     0.280    -0.220    -0.001   11755
     0.300    -0.220    -0.002   10349
     0.320    -0.220    -0.004   10578
     0.340    -0.220    -0.008    3398
    -0.340    -0.200    -0.006    2706
    -0.320    -0.200    -0.006    7272
    -0.300    -0.200    -0.005    9263
    -0.280    -0.200    -0.002    9253
    -0.260    -0.200     0.001    9303
    -0.240    -0.200     0.006    8786
    -0.220    -0.200     0.010    8507
    -0.200    -0.200     0.015    9046
    -0.180    -0.200     0.019    9043
    -0.160    -0.200     0.022    9137
    -0.140    -0.200     0.022    9916
    -0.120    -0.200     0.012    9675
    -0.100    -0.200     0.002    1712
    -0.080    -0.200    -0.002       0
    -0.060    -0.200     0.004       0
    -0.040    -0.200     0.010       0
    -0.020    -0.200     0.010       0
     0.000    -0.200     0.000       0
     0.020    -0.200    -0.004       0
     0.040    -0.200    -0.004       0
     0.060    -0.200    -0.015       0
     0.080    -0.200    -0.025       0
     0.100    -0.200    -0.023     986
     0.120    -0.200    -0.010    9778
     0.140    -0.200     0.003    8521
     0.160    -0.200     0.001   10707
     0.180    -0.200     0.001   10789
     0.200    -0.200     0.001   10512
     0.220    -0.200     0.001    9151
     0.240    -0.200     0.001    9638
     0.260    -0.200    -0.001   10511
     0.280    -0.200    -0.002   10678
     0.300    -0.200    -0.003   10768
     0.320    -0.200    -0.006   11227
     0.340    -0.200    -0.009    3362
    -0.340    -0.180    -0.009    2103
    -0.320    -0.180    -0.007    7607
    -0.300    -0.180    -0.005    9092
    -0.280    -0.180    -0.002    9530
    -0.260    -0.180     0.002    8926
    -0.240    -0.180     0.006    9167
    -0.220    -0.180     0.010    9099
    -0.200    -0.180     0.015    9128
    -0.180    -0.180     0.019    8677
    -0.160    -0.180     0.023    8453
    -0.140    -0.180     0.024    9107
    -0.120    -0.180     0.014    9805
    -0.100    -0.180     0.004    1548
    -0.080    -0.180     0.000       0
    -0.060    -0.180     0.005       0
    -0.040    -0.180     0.010       0
    -0.020    -0.180     0.010       0
     0.000    -0.180     0.000       0
     0.020    -0.180    -0.004       0
     0.040    -0.180    -0.004       0
     0.060    -0.180    -0.010       0
     0.080    -0.180    -0.017       0
     0.100    -0.180    -0.013    1035
     0.120    -0.180    -0.004   10275
     0.140    -0.180     0.007   10398
     0.160    -0.180     0.005   11037
     0.180    -0.180     0.003   10816
     0.200    -0.180     0.002   11092
     0.220    -0.180     0.002   11084
     0.240    -0.180     0.002   10004
     0.260    -0.180     0.000   10084
     0.280    -0.180    -0.002   11001
     0.300    -0.180    -0.004   10788
     0.320    -0.180    -0.006   10893
     0.340    -0.180    -0.008    2825
    -0.340    -0.160    -0.010    1949
    -0.320    -0.160    -0.008    7937
    -0.300    -0.160    -0.006    9381
    -0.280    -0.160    -0.003    9448
    -0.260    -0.160     0.001    8569
    -0.240    -0.160     0.006    9162
    -0.220    -0.160     0.011    9607
    -0.200    -0.160     0.017    7418
    -0.180    -0.160     0.021    8091
    -0.160    -0.160     0.024    8612
    -0.140    -0.160     0.025    8734
    -0.120    -0.160     0.016    9357
    -0.100    -0.160     0.008    1945
    -0.080    -0.160     0.004       0
    -0.060    -0.160     0.007       0
    -0.040    -0.160     0.010       0
    -0.020    -0.160     0.010       0
     0.000    -0.160     0.000       0
     0.020    -0.160    -0.004       0
     0.040    -0.160    -0.004       0
     0.060    -0.160    -0.011       0
     0.080    -0.160    -0.017       0
     0.100    -0.160    -0.012    1373
     0.120    -0.160    -0.002   10613
     0.140    -0.160     0.010   11816
     0.160    -0.160     0.008   11347
     0.180    -0.160     0.005   11764
     0.200    -0.160     0.004   11279
     0.220    -0.160     0.004   10564
     0.240    -0.160     0.004   11320
     0.260    -0.160     0.001   11510
     0.280    -0.160    -0.001   11165
     0.300    -0.160    -0.004   10136
     0.320    -0.160    -0.006   11064
     0.340    -0.160    -0.008    3769
    -0.340    -0.140    -0.011    2336
    -0.320    -0.140    -0.010    8384
    -0.300    -0.140    -0.007    7881
    -0.280    -0.140    -0.004    9187
    -0.260    -0.140    -0.001    8516
    -0.240    -0.140     0.006    9738
    -0.220    -0.140     0.012    8415
    -0.200    -0.140     0.018    8524
    -0.180    -0.140     0.023    8656
    -0.160    -0.140     0.026    8471
    -0.140    -0.140     0.026    9104
    -0.120    -0.140     0.018    9833
    -0.100    -0.140     0.010    1729
    -0.080    -0.140     0.005       0
    -0.060    -0.140     0.007       0
    -0.040    -0.140     0.010       0
    -0.020    -0.140     0.010       0
     0.000    -0.140     0.000       0
     0.020    -0.140    -0.004       0
     0.040    -0.140    -0.004       0
     0.060    -0.140    -0.013       0
     0.080    -0.140    -0.022       0
     0.100    -0.140    -0.017     657
     0.120    -0.140    -0.003    9497
     0.140    -0.140     0.012   11353
     0.160    -0.140     0.010    9793
     0.180    -0.140     0.007   10950
     0.200    -0.140     0.006   11087
     0.220    -0.140     0.006   11011
     0.240    -0.140     0.005   10322
     0.260    -0.140     0.002   10485
     0.280    -0.140    -0.001   11583
     0.300    -0.140    -0.005    9985
     0.320    -0.140    -0.008   11048
     0.340    -0.140    -0.011    3548
    -0.340    -0.120    -0.020    2098
    -0.320    -0.120    -0.018    8073
    -0.300    -0.120    -0.015    8929
    -0.280    -0.120    -0.012    9167
    -0.260    -0.120    -0.007    7972
    -0.240    -0.120    -0.001    9353
    -0.220    -0.120     0.006    8300
    -0.200    -0.120     0.011    7761
    -0.180    -0.120     0.016    8051
    -0.160    -0.120     0.018    8963
    -0.140    -0.120     0.020    9218
    -0.120    -0.120     0.016    8664
    -0.100    -0.120     0.011    1891
    -0.080    -0.120     0.007       0
    -0.060    -0.120     0.009       0
    -0.040    -0.120     0.010       0
    -0.020    -0.120     0.010       0
     0.000    -0.120     0.000       0
     0.020    -0.120    -0.004       0
     0.040    -0.120    -0.004       0
     0.060    -0.120    -0.013       0
     0.080    -0.120    -0.023       0
     0.100    -0.120    -0.021     705
     0.120    -0.120    -0.008   10837
     0.140    -0.120     0.004   11294
     0.160    -0.120     0.004    9757
     0.180    -0.120     0.001   11090
     0.200    -0.120    -0.001   10863
     0.220    -0.120    -0.002   11665
     0.240    -0.120    -0.004   11837
     0.260    -0.120    -0.006   11612
     0.280    -0.120    -0.009   11272
     0.300    -0.120    -0.013   11066
     0.320    -0.120    -0.019   12309
     0.340    -0.120    -0.026    3159
    -0.340    -0.100    -0.030     380
    -0.320    -0.100    -0.026    1439
    -0.300    -0.100    -0.023    1762
    -0.280    -0.100    -0.019    1410
    -0.260    -0.100    -0.014    1273
    -0.240    -0.100    -0.008    1873
    -0.220    -0.100    -0.002    1348
    -0.200    -0.100     0.004    1231
    -0.180    -0.100     0.007    1856
    -0.160    -0.100     0.010    1823
    -0.140    -0.100     0.013    1922
    -0.120    -0.100     0.013    2580
    -0.100    -0.100     0.010     246
    -0.080    -0.100     0.008       0
    -0.060    -0.100     0.009       0
    -0.040    -0.100     0.010       0
    -0.020    -0.100     0.010       0
     0.000    -0.100     0.000       0
     0.020    -0.100    -0.004       0
     0.040    -0.100    -0.004       0
     0.060    -0.100    -0.010       0
     0.080    -0.100    -0.017       0
     0.100    -0.100    -0.019      43
     0.120    -0.100    -0.011    1467
     0.140    -0.100    -0.003    1565
     0.160    -0.100    -0.002    1721
     0.180    -0.100    -0.006    1916
     0.200    -0.100    -0.010    1753
     0.220    -0.100    -0.012    1772
     0.240    -0.100    -0.014    1991
     0.260    -0.100    -0.014    2298
     0.280    -0.100    -0.016    2533
     0.300    -0.100    -0.021    2092
     0.320    -0.100    -0.031    2361
     0.340    -0.100    -0.040     659
    -0.340    -0.080    -0.023       0
    -0.320    -0.080    -0.020       0
    -0.300    -0.080    -0.017       0
    -0.280    -0.080    -0.014       0
    -0.260    -0.080    -0.010       0
    -0.240    -0.080    -0.006       0
    -0.220    -0.080    -0.003       0
    -0.200    -0.080     0.000       0
    -0.180    -0.080     0.001       0
    -0.160    -0.080     0.004       0
    -0.140    -0.080     0.007       0
    -0.120    -0.080     0.010       0
    -0.100    -0.080     0.010       0
    -0.080    -0.080     0.010       0
    -0.060    -0.080     0.010       0
    -0.040    -0.080     0.010       0
    -0.020    -0.080     0.010       0
     0.000    -0.080     0.000       0
     0.020    -0.080    -0.004       0
     0.040    -0.080    -0.004       0
     0.060    -0.080    -0.006       0
     0.080    -0.080    -0.010       0
     0.100    -0.080    -0.012       0
     0.120    -0.080    -0.011       0
     0.140    -0.080    -0.008       0
     0.160    -0.080    -0.007       0
     0.180    -0.080    -0.010       0
     0.200    -0.080    -0.013       0
     0.220    -0.080    -0.016       0
     0.240    -0.080    -0.017       0
     0.260    -0.080    -0.016       0
     0.280    -0.080    -0.017       0
     0.300    -0.080    -0.020       0
     0.320    -0.080    -0.028       0
     0.340    -0.080    -0.035       0
    -0.340    -0.060    -0.006       0
    -0.320    -0.060    -0.005       0
    -0.300    -0.060    -0.004       0
    -0.280    -0.060    -0.002       0
    -0.260    -0.060    -0.000       0
    -0.240    -0.060     0.002       0
    -0.220    -0.060     0.004       0
    -0.200    -0.060     0.005       0
    -0.180    -0.060     0.006       0
    -0.160    -0.060     0.007       0
    -0.140    -0.060     0.008       0
    -0.120    -0.060     0.010       0
    -0.100    -0.060     0.010       0
    -0.080    -0.060     0.010       0
    -0.060    -0.060     0.010       0
    -0.040    -0.060     0.010       0
    -0.020    -0.060     0.010       0
     0.000    -0.060     0.000       0
     0.020    -0.060    -0.004       0
     0.040    -0.060    -0.004       0
     0.060    -0.060    -0.004       0
     0.080    -0.060    -0.005       0
     0.100    -0.060    -0.007       0
     0.120    -0.060    -0.007       0
     0.140    -0.060    -0.006       0
     0.160    -0.060    -0.005       0
     0.180    -0.060    -0.007       0
     0.200    -0.060    -0.009       0
     0.220    -0.060    -0.010       0
     0.240    -0.060    -0.010       0
     0.260    -0.060    -0.010       0
     0.280    -0.060    -0.011       0
     0.300    -0.060    -0.012       0
     0.320    -0.060    -0.016       0
     0.340    -0.060    -0.019       0
    -0.340    -0.040     0.010       0
    -0.320    -0.040     0.010       0
    -0.300    -0.040     0.010       0
    -0.280    -0.040     0.010       0
    -0.260    -0.040     0.010       0
    -0.240    -0.040     0.010       0
    -0.220    -0.040     0.010       0
    -0.200    -0.040     0.010       0
    -0.180    -0.040     0.010       0
    -0.160    -0.040     0.010       0
    -0.140    -0.040     0.010       0
    -0.120    -0.040     0.010       0
    -0.100    -0.040     0.010       0
    -0.080    -0.040     0.010       0
    -0.060    -0.040     0.010       0
    -0.040    -0.040     0.010       0
    -0.020    -0.040     0.010       0
     0.000    -0.040     0.000       0
     0.020    -0.040    -0.004       0
     0.040    -0.040    -0.004       0
     0.060    -0.040    -0.004       0
     0.080    -0.040    -0.004       0
     0.100    -0.040    -0.004       0
     0.120    -0.040    -0.004       0
     0.140    -0.040    -0.004       0
     0.160    -0.040    -0.004       0
     0.180    -0.040    -0.004       0
     0.200    -0.040    -0.004       0
     0.220    -0.040    -0.004       0
     0.240    -0.040    -0.004       0
     0.260    -0.040    -0.004       0
     0.280    -0.040    -0.004       0
     0.300    -0.040    -0.004       0
     0.320    -0.040    -0.004       0
     0.340    -0.040    -0.004       0
    -0.340    -0.020     0.010       0
    -0.320    -0.020     0.010       0
    -0.300    -0.020     0.010       0
    -0.280    -0.020     0.010       0
    -0.260    -0.020     0.010       0
    -0.240    -0.020     0.010       0
    -0.220    -0.020     0.010       0
    -0.200    -0.020     0.010       0
    -0.180    -0.020     0.010       0
    -0.160    -0.020     0.010       0
    -0.140    -0.020     0.010       0
    -0.120    -0.020     0.010       0
    -0.100    -0.020     0.010       0
    -0.080    -0.020     0.010       0
    -0.060    -0.020     0.010       0
    -0.040    -0.020     0.010       0
    -0.020    -0.020     0.010       0
     0.000    -0.020     0.000       0
     0.020    -0.020    -0.004       0
     0.040    -0.020    -0.004       0
     0.060    -0.020    -0.004       0
     0.080    -0.020    -0.004       0
     0.100    -0.020    -0.004       0
     0.120    -0.020    -0.004       0
     0.140    -0.020    -0.004       0
     0.160    -0.020    -0.004       0
     0.180    -0.020    -0.004       0
     0.200    -0.020    -0.004       0
     0.220    -0.020    -0.004       0
     0.240    -0.020    -0.004       0
     0.260    -0.020    -0.004       0
     0.280    -0.020    -0.004       0
     0.300    -0.020    -0.004       0
     0.320    -0.020    -0.004       0
     0.340    -0.020    -0.004       0
    -0.340     0.000     0.000       0
    -0.320     0.000    -0.000       0
    -0.300     0.000    -0.000       0
    -0.280     0.000    -0.000       0
    -0.260     0.000     0.000       0
    -0.240     0.000     0.000       0
    -0.220     0.000    -0.000       0
    -0.200     0.000     0.000       0
    -0.180     0.000    -0.000       0
    -0.160     0.000    -0.000       0
    -0.140     0.000    -0.000       0
    -0.120     0.000     0.000       0
    -0.100     0.000     0.000       0
    -0.080     0.000     0.000       0
    -0.060     0.000     0.000       0
    -0.040     0.000     0.000       0
    -0.020     0.000     0.000       0
     0.000     0.000     0.000       0
     0.020     0.000     0.000       0
     0.040     0.000     0.000       0
     0.060     0.000     0.000       0
     0.080     0.000    -0.000       0
     0.100     0.000    -0.000       0
     0.120     0.000     0.000       0
     0.140     0.000     0.000       0
     0.160     0.000     0.000       0
     0.180     0.000     0.000       0
     0.200     0.000     0.000       0
     0.220     0.000     0.000       0
     0.240     0.000    -0.000       0
     0.260     0.000     0.000       0
     0.280     0.000     0.000       0
     0.300     0.000    -0.000       0
     0.320     0.000     0.000       0
     0.340     0.000     0.000       0
    -0.340     0.020    -0.042       0
    -0.320     0.020    -0.042       0
    -0.300     0.020    -0.042       0
    -0.280     0.020    -0.042       0
    -0.260     0.020    -0.042       0
    -0.240     0.020    -0.042       0
    -0.220     0.020    -0.042       0
    -0.200     0.020    -0.042       0
    -0.180     0.020    -0.042       0
    -0.160     0.020    -0.042       0
    -0.140     0.020    -0.042       0
    -0.120     0.020    -0.042       0
    -0.100     0.020    -0.042       0
    -0.080     0.020    -0.042       0
    -0.060     0.020    -0.042       0
    -0.040     0.020    -0.042       0
    -0.020     0.020    -0.042       0
     0.000     0.020     0.000       0
     0.020     0.020     0.008       0
     0.040     0.020     0.008       0
     0.060     0.020     0.008       0
     0.080     0.020     0.008       0
     0.100     0.020     0.008       0
     0.120     0.020     0.008       0
     0.140     0.020     0.008       0
     0.160     0.020     0.008       0
     0.180     0.020     0.008       0
     0.200     0.020     0.008       0
     0.220     0.020     0.008       0
     0.240     0.020     0.008       0
     0.260     0.020     0.008       0
     0.280     0.020     0.008       0
     0.300     0.020     0.008       0
     0.320     0.020     0.008       0
     0.340     0.020     0.008       0
    -0.340     0.040    -0.042       0
    -0.320     0.040    -0.042       0
    -0.300     0.040    -0.042       0
    -0.280     0.040    -0.042       0
    -0.260     0.040    -0.042       0
    -0.240     0.040    -0.042       0
    -0.220     0.040    -0.042       0
    -0.200     0.040    -0.042       0
    -0.180     0.040    -0.042       0
    -0.160     0.040    -0.042       0
    -0.140     0.040    -0.042       0
    -0.120     0.040    -0.042       0
    -0.100     0.040    -0.042       0
    -0.080     0.040    -0.042       0
    -0.060     0.040    -0.042       0
    -0.040     0.040    -0.042       0
    -0.020     0.040    -0.042       0
     0.000     0.040     0.000       0
     0.020     0.040     0.008       0
     0.040     0.040     0.008       0
     0.060     0.040     0.008       0
     0.080     0.040     0.008       0
     0.100     0.040     0.008       0
     0.120     0.040     0.008       0
     0.140     0.040     0.008       0
     0.160     0.040     0.008       0
     0.180     0.040     0.008       0
     0.200     0.040     0.008       0
     0.220     0.040     0.008       0
     0.240     0.040     0.008       0
     0.260     0.040     0.008       0
     0.280     0.040     0.008       0
     0.300     0.040     0.008       0
     0.320     0.040     0.008       0
     0.340     0.040     0.008       0
    -0.340     0.060    -0.014       0
    -0.320     0.060    -0.012       0
    -0.300     0.060    -0.010       0
    -0.280     0.060    -0.010       0
    -0.260     0.060    -0.011       0
    -0.240     0.060    -0.015       0
    -0.220     0.060    -0.022       0
    -0.200     0.060    -0.029       0
    -0.180     0.060    -0.035       0
    -0.160     0.060    -0.034       0
    -0.140     0.060    -0.033       0
    -0.120     0.060    -0.035       0
    -0.100     0.060    -0.039       0
    -0.080     0.060    -0.042       0
    -0.060     0.060    -0.042       0
    -0.040     0.060    -0.042       0
    -0.020     0.060    -0.042       0
     0.000     0.060     0.000       0
     0.020     0.060     0.008       0
     0.040     0.060     0.008       0
     0.060     0.060     0.008       0
     0.080     0.060     0.007       0
     0.100     0.060     0.004       0
     0.120     0.060     0.002       0
     0.140     0.060     0.002       0
     0.160     0.060     0.004       0
     0.180     0.060     0.005       0
     0.200     0.060     0.003       0
     0.220     0.060     0.002       0
     0.240     0.060     0.001       0
     0.260     0.060     0.001       0
     0.280     0.060     0.000       0
     0.300     0.060     0.000       0
     0.320     0.060     0.000       0
     0.340     0.060     0.000       0
    -0.340     0.080     0.015       0
    -0.320     0.080     0.018       0
    -0.300     0.080     0.021       0
    -0.280     0.080     0.022       0
    -0.260     0.080     0.020       0
    -0.240     0.080     0.012       0
    -0.220     0.080    -0.003       0
    -0.200     0.080    -0.017       0
    -0.180     0.080    -0.028       0
    -0.160     0.080    -0.027       0
    -0.140     0.080    -0.024       0
    -0.120     0.080    -0.029       0
    -0.100     0.080    -0.035       0
    -0.080     0.080    -0.042       0
    -0.060     0.080    -0.042       0
    -0.040     0.080    -0.042       0
    -0.020     0.080    -0.042       0
     0.000     0.080     0.000       0
     0.020     0.080     0.008       0
     0.040     0.080     0.008       0
     0.060     0.080     0.007       0
     0.080     0.080     0.005       0
     0.100     0.080     0.000       0
     0.120     0.080    -0.003       0
     0.140     0.080    -0.003       0
     0.160     0.080     0.000       0
     0.180     0.080     0.001       0
     0.200     0.080    -0.001       0
     0.220     0.080    -0.004       0
     0.240     0.080    -0.005       0
     0.260     0.080    -0.006       0
     0.280     0.080    -0.007       0
     0.300     0.080    -0.008       0
     0.320     0.080    -0.007       0
     0.340     0.080    -0.007       0
    -0.340     0.100     0.040     127
    -0.320     0.100     0.047     892
    -0.300     0.100     0.053    1352
    -0.280     0.100     0.054    1045
    -0.260     0.100     0.051    1160
    -0.240     0.100     0.039     886
    -0.220     0.100     0.020     932
    -0.200     0.100     0.003     686
    -0.180     0.100    -0.009     676
    -0.160     0.100    -0.007    1062
    -0.140     0.100    -0.003    1186
    -0.120     0.100    -0.007    1415
    -0.100     0.100    -0.013     316
    -0.080     0.100    -0.027       0
    -0.060     0.100    -0.035       0
    -0.040     0.100    -0.042       0
    -0.020     0.100    -0.042       0
     0.000     0.100     0.000       0
     0.020     0.100     0.008       0
     0.040     0.100     0.008       0
     0.060     0.100     0.005       0
     0.080     0.100     0.001       0
     0.100     0.100    -0.004     100
     0.120     0.100    -0.009    2395
     0.140     0.100    -0.005    1943
     0.160     0.100    -0.001    2081
     0.180     0.100     0.001    2150
     0.200     0.100    -0.002    2042
     0.220     0.100    -0.005    1952
     0.240     0.100    -0.008    2328
     0.260     0.100    -0.008    2001
     0.280     0.100    -0.009    1933
     0.300     0.100    -0.008    1769
     0.320     0.100    -0.009    1651
     0.340     0.100    -0.010     447
    -0.340     0.120     0.032    1750
    -0.320     0.120     0.040    9288
    -0.300     0.120     0.048   10388
    -0.280     0.120     0.050   11531
    -0.260     0.120     0.048    9950
    -0.240     0.120     0.038    9113
    -0.220     0.120     0.023    9641
    -0.200     0.120     0.010    9188
    -0.180     0.120     0.003    9804
    -0.160     0.120     0.006   11973
    -0.140     0.120     0.009   12030
    -0.120     0.120     0.009   11796
    -0.100     0.120     0.006    3240
    -0.080     0.120    -0.013       0
    -0.060     0.120    -0.027       0
    -0.040     0.120    -0.042       0
    -0.020     0.120    -0.042       0
     0.000     0.120     0.000       0
     0.020     0.120     0.008       0
     0.040     0.120     0.008       0
     0.060     0.120     0.000       0
     0.080     0.120    -0.007       0
     0.100     0.120    -0.012     674
     0.120     0.120    -0.011   10318
     0.140     0.120    -0.002   10607
     0.160     0.120     0.001    9978
     0.180     0.120     0.004   10702
     0.200     0.120     0.002    9695
     0.220     0.120    -0.000    9290
     0.240     0.120    -0.002   10395
     0.260     0.120    -0.002   10481
     0.280     0.120    -0.002   10922
     0.300     0.120    -0.001   10721
     0.320     0.120    -0.004    9223
     0.340     0.120    -0.005    3690
    -0.340     0.140     0.023    1700
    -0.320     0.140     0.030    8943
    -0.300     0.140     0.036   10150
    -0.280     0.140     0.037   10369
    -0.260     0.140     0.036    9884
    -0.240     0.140     0.029    8700
    -0.220     0.140     0.020    8676
    -0.200     0.140     0.013    8996
    -0.180     0.140     0.012   10310
    -0.160     0.140     0.015   11508
    -0.140     0.140     0.019   11527
    -0.120     0.140     0.021   11304
    -0.100     0.140     0.020    3933
    -0.080     0.140    -0.002       0
    -0.060     0.140    -0.022       0
    -0.040     0.140    -0.042       0
    -0.020     0.140    -0.042       0
     0.000     0.140    -0.000       0
     0.020     0.140     0.008       0
     0.040     0.140     0.008       0
     0.060     0.140    -0.003       0
     0.080     0.140    -0.015       0
     0.100     0.140    -0.019     619
     0.120     0.140    -0.013   10989
     0.140     0.140    -0.001   10419
     0.160     0.140     0.001    9719
     0.180     0.140     0.004   10484
     0.200     0.140     0.005    9239
     0.220     0.140     0.005    9512
     0.240     0.140     0.004   10670
     0.260     0.140     0.005   12107
     0.280     0.140     0.005   10628
     0.300     0.140     0.006   10834
     0.320     0.140     0.002   10004
     0.340     0.140    -0.001    3292
    -0.340     0.160     0.011    1472
    -0.320     0.160     0.014    9101
    -0.300     0.160     0.016    9131
    -0.280     0.160     0.017   10453
    -0.260     0.160     0.018    9389
    -0.240     0.160     0.015    9879
    -0.220     0.160     0.011    9089
    -0.200     0.160     0.008   10611
    -0.180     0.160     0.008   11089
    -0.160     0.160     0.012   10984
    -0.140     0.160     0.016   10805
    -0.120     0.160     0.017   11009
    -0.100     0.160     0.016    3488
    -0.080     0.160    -0.005       0
    -0.060     0.160    -0.023       0
    -0.040     0.160    -0.042       0
    -0.020     0.160    -0.042       0
     0.000     0.160    -0.000       0
     0.020     0.160     0.008       0
     0.040     0.160     0.008       0
     0.060     0.160    -0.005       0
     0.080     0.160    -0.017       0
     0.100     0.160    -0.023     479
     0.120     0.160    -0.013   11019
     0.140     0.160    -0.003   10418
     0.160     0.160    -0.001   10405
     0.180     0.160     0.002   10361
     0.200     0.160     0.004   10574
     0.220     0.160     0.005   10600
     0.240     0.160     0.005   10780
     0.260     0.160     0.006   10179
     0.280     0.160     0.006    9218
     0.300     0.160     0.006   10103
     0.320     0.160     0.002    9381
     0.340     0.160    -0.001    3460
    -0.340     0.180     0.004    1916
    -0.320     0.180     0.004    8291
    -0.300     0.180     0.002    9012
    -0.280     0.180     0.000   10058
    -0.260     0.180    -0.001    9306
    -0.240     0.180    -0.001    9484
    -0.220     0.180    -0.001    9550
    -0.200     0.180     0.000   10146
    -0.180     0.180     0.003   11177
    -0.160     0.180     0.008   10516
    -0.140     0.180     0.012   10897
    -0.120     0.180     0.012   11047
    -0.100     0.180     0.010    3698
    -0.080     0.180    -0.008       0
    -0.060     0.180    -0.025       0
    -0.040     0.180    -0.042       0
    -0.020     0.180    -0.042       0
     0.000     0.180    -0.000       0
     0.020     0.180     0.008       0
     0.040     0.180     0.008       0
     0.060     0.180    -0.002       0
     0.080     0.180    -0.011       0
     0.100     0.180    -0.016     481
     0.120     0.180    -0.009   10686
     0.140     0.180    -0.004    9568
     0.160     0.180    -0.002   10351
     0.180     0.180     0.000    9832
     0.200     0.180     0.001    9913
     0.220     0.180     0.003    9983
     0.240     0.180     0.004   10159
     0.260     0.180     0.004    9434
     0.280     0.180     0.005    9995
     0.300     0.180     0.004    9730
     0.320     0.180     0.001    8896
     0.340     0.180    -0.001    3796
    -0.340     0.200    -0.002    1678
    -0.320     0.200    -0.003    8773
    -0.300     0.200    -0.006    9303
    -0.280     0.200    -0.008    9333
    -0.260     0.200    -0.010    9596
    -0.240     0.200    -0.009    9857
    -0.220     0.200    -0.008    9486
    -0.200     0.200    -0.004    9291
    -0.180     0.200    -0.000   10952
    -0.160     0.200     0.004   10667
    -0.140     0.200     0.007   11004
    -0.120     0.200     0.007   11304
    -0.100     0.200     0.006    3752
    -0.080     0.200    -0.012       0
    -0.060     0.200    -0.027       0
    -0.040     0.200    -0.042       0
    -0.020     0.200    -0.042       0
     0.000     0.200    -0.000       0
     0.020     0.200     0.008       0
     0.040     0.200     0.008       0
     0.060     0.200     0.001       0
     0.080     0.200    -0.006       0
     0.100     0.200    -0.009     754
     0.120     0.200    -0.005   11257
     0.140     0.200    -0.003   10048
     0.160     0.200    -0.001   10099
     0.180     0.200     0.000   10606
     0.200     0.200     0.000   10077
     0.220     0.200     0.002    9826
     0.240     0.200     0.002    9195
     0.260     0.200     0.003    8867
     0.280     0.200     0.003    9169
     0.300     0.200     0.003    9588
     0.320     0.200     0.000    8545
     0.340     0.200    -0.002    3049
    -0.340     0.220     0.006    2241
    -0.320     0.220     0.003    9036
    -0.300     0.220    -0.001    8354
    -0.280     0.220    -0.006    8375
    -0.260     0.220    -0.011    8619
    -0.240     0.220    -0.013    9195
    -0.220     0.220    -0.012    9115
    -0.200     0.220    -0.009    8895
    -0.180     0.220    -0.005    9425
    -0.160     0.220    -0.002    9932
    -0.140     0.220    -0.000   10253
    -0.120     0.220    -0.002   11194
    -0.100     0.220    -0.005    4046
    -0.080     0.220    -0.019       0
    -0.060     0.220    -0.030       0
    -0.040     0.220    -0.042       0
    -0.020     0.220    -0.042       0
     0.000     0.220    -0.000       0
     0.020     0.220     0.008       0
     0.040     0.220     0.008       0
     0.060     0.220     0.002       0
     0.080     0.220    -0.003       0
     0.100     0.220    -0.005     590
     0.120     0.220    -0.003    9381
     0.140     0.220    -0.000   10307
     0.160     0.220     0.001    9205
     0.180     0.220     0.000    9139
     0.200     0.220    -0.000    9814
     0.220     0.220     0.002   10114
     0.240     0.220     0.002    9465
     0.260     0.220     0.002    9001
     0.280     0.220     0.002    8971
     0.300     0.220     0.001    8674
     0.320     0.220    -0.001    9492
     0.340     0.220    -0.003    3298
    -0.340     0.240     0.014    2204
    -0.320     0.240     0.010    8676
    -0.300     0.240     0.004    8871
    -0.280     0.240    -0.003    9358
    -0.260     0.240    -0.010    8357
    -0.240     0.240    -0.012    9417
    -0.220     0.240    -0.013    9902
    -0.200     0.240    -0.012    9370
    -0.180     0.240    -0.009    9352
    -0.160     0.240    -0.007   10349
    -0.140     0.240    -0.008    9987
    -0.120     0.240    -0.011    9664
    -0.100     0.240    -0.014    2998
    -0.080     0.240    -0.026       0
    -0.060     0.240    -0.034       0
    -0.040     0.240    -0.042       0
    -0.020     0.240    -0.042       0
     0.000     0.240    -0.000       0
     0.020     0.240     0.008       0
     0.040     0.240     0.008       0
     0.060     0.240     0.001       0
     0.080     0.240    -0.006       0
     0.100     0.240    -0.008     503
     0.120     0.240    -0.004    9686
     0.140     0.240     0.001    9986
     0.160     0.240     0.002    9531
     0.180     0.240     0.001   10002
     0.200     0.240     0.000   10221
     0.220     0.240     0.002    8952
     0.240     0.240     0.002    9021
     0.260     0.240     0.003    9065
     0.280     0.240     0.003    9825
     0.300     0.240     0.002    9551
     0.320     0.240    -0.000   10078
     0.340     0.240    -0.003    3375
    -0.340     0.260     0.020    2191
    -0.320     0.260     0.015    8795
    -0.300     0.260     0.009    8333
    -0.280     0.260     0.001   10280
    -0.260     0.260    -0.008    9079
    -0.240     0.260    -0.012    9622
    -0.220     0.260    -0.012    9300
    -0.200     0.260    -0.012    8080
    -0.180     0.260    -0.011    9949
    -0.160     0.260    -0.010    9711
    -0.140     0.260    -0.012   10222
    -0.120     0.260    -0.015    9991
    -0.100     0.260    -0.020    2875
    -0.080     0.260    -0.029       0
    -0.060     0.260    -0.036       0
    -0.040     0.260    -0.042       0
    -0.020     0.260    -0.042       0
     0.000     0.260    -0.000       0
     0.020     0.260     0.008       0
     0.040     0.260     0.008       0
     0.060     0.260    -0.001       0
     0.080     0.260    -0.010       0
     0.100     0.260    -0.011     790
     0.120     0.260    -0.005   10738
     0.140     0.260    -0.000    9686
     0.160     0.260    -0.000    9844
     0.180     0.260    -0.002   10540
     0.200     0.260    -0.002    9859
     0.220     0.260     0.002    9538
     0.240     0.260     0.002    9570
     0.260     0.260     0.003    9379
     0.280     0.260     0.003    9261
     0.300     0.260     0.003   10023
     0.320     0.260     0.001    9935
     0.340     0.260    -0.002    3614
    -0.340     0.280     0.019    2072
    -0.320     0.280     0.013    8747
    -0.300     0.280     0.008    8447
    -0.280     0.280     0.000    9431
    -0.260     0.280    -0.008    8968
    -0.240     0.280    -0.010    9481
    -0.220     0.280    -0.011    7937
    -0.200     0.280    -0.011    8432
    -0.180     0.280    -0.011    8627
    -0.160     0.280    -0.010    9740
    -0.140     0.280    -0.012    9224
    -0.120     0.280    -0.015    9189
    -0.100     0.280    -0.019    2797
    -0.080     0.280    -0.029       0
    -0.060     0.280    -0.035       0
    -0.040     0.280    -0.042       0
    -0.020     0.280    -0.042       0
     0.000     0.280     0.000       0
     0.020     0.280     0.008       0
     0.040     0.280     0.008       0
     0.060     0.280    -0.002       0
     0.080     0.280    -0.012       0
     0.100     0.280    -0.015     551
     0.120     0.280    -0.008   10572
     0.140     0.280    -0.003   10252
     0.160     0.280    -0.003    9429
     0.180     0.280    -0.004    9398
     0.200     0.280    -0.003    8894
     0.220     0.280     0.002    8270
     0.240     0.280     0.004    8639
     0.260     0.280     0.006    8898
     0.280     0.280     0.005    8624
     0.300     0.280     0.004    7949
     0.320     0.280     0.001    9028
     0.340     0.280    -0.001    2873
    -0.340     0.300     0.015    1545
    -0.320     0.300     0.011    7803
    -0.300     0.300     0.006    8143
    -0.280     0.300    -0.001    8607
    -0.260     0.300    -0.008    8456
    -0.240     0.300    -0.010    8869
    -0.220     0.300    -0.009    8862
    -0.200     0.300    -0.007    9036
    -0.180     0.300    -0.007    8960
    -0.160     0.300    -0.006    8961
    -0.140     0.300    -0.008   10975
    -0.120     0.300    -0.013    9397
    -0.100     0.300    -0.019    2543
    -0.080     0.300    -0.029       0
    -0.060     0.300    -0.035       0
    -0.040     0.300    -0.042       0
    -0.020     0.300    -0.042       0
     0.000     0.300     0.000       0
     0.020     0.300     0.008       0
     0.040     0.300     0.008       0
     0.060     0.300    -0.002       0
     0.080     0.300    -0.012       0
     0.100     0.300    -0.016     791
     0.120     0.300    -0.010    8421
     0.140     0.300    -0.006    9303
     0.160     0.300    -0.005    9519
     0.180     0.300    -0.006   10069
     0.200     0.300    -0.005    8812
     0.220     0.300     0.002    9002
     0.240     0.300     0.006    8017
     0.260     0.300     0.009    8977
     0.280     0.300     0.007    8633
     0.300     0.300     0.005    8906
     0.320     0.300     0.002    9619
     0.340     0.300    -0.000    3249
    -0.340     0.320     0.011    2148
    -0.320     0.320     0.009    7728
    -0.300     0.320     0.002    9194
    -0.280     0.320    -0.003    7787
    -0.260     0.320    -0.008    9546
    -0.240     0.320    -0.008    7546
    -0.220     0.320    -0.008    8189
    -0.200     0.320    -0.004   10411
    -0.180     0.320    -0.002    9493
    -0.160     0.320    -0.001    9441
    -0.140     0.320    -0.002    9303
    -0.120     0.320    -0.010    9953
    -0.100     0.320    -0.019    2473
    -0.080     0.320    -0.030       0
    -0.060     0.320    -0.036       0
    -0.040     0.320    -0.042       0
    -0.020     0.320    -0.042       0
     0.000     0.320     0.000       0
     0.020     0.320     0.008       0
     0.040     0.320     0.008       0
     0.060     0.320    -0.002       0
     0.080     0.320    -0.012       0
     0.100     0.320    -0.017     532
     0.120     0.320    -0.012    9418
     0.140     0.320    -0.006    9776
     0.160     0.320    -0.005    8614
     0.180     0.320    -0.006    9225
     0.200     0.320    -0.004    9593
     0.220     0.320     0.002    8967
     0.240     0.320     0.008    9415
     0.260     0.320     0.011    9356
     0.280     0.320     0.009    8634
     0.300     0.320     0.005    9030
     0.320     0.320     0.002    8700
     0.340     0.320     0.000    3100
    -0.340     0.340     0.006     880
    -0.320     0.340     0.007    2361
    -0.300     0.340    -0.001    2888
    -0.280     0.340    -0.005    3179
    -0.260     0.340    -0.008    2364
    -0.240     0.340    -0.006    2521
    -0.220     0.340    -0.007    2522
    -0.200     0.340    -0.001    2984
    -0.180     0.340     0.003    2822
    -0.160     0.340     0.005    3192
    -0.140     0.340     0.005    2866
    -0.120     0.340    -0.006    3097
    -0.100     0.340    -0.019     848
    -0.080     0.340    -0.031       0
    -0.060     0.340    -0.036       0
    -0.040     0.340    -0.042       0
    -0.020     0.340    -0.042       0
     0.000     0.340     0.000       0
     0.020     0.340     0.008       0
     0.040     0.340     0.008       0
     0.060     0.340    -0.002       0
     0.080     0.340    -0.012       0
     0.100     0.340    -0.017     185
     0.120     0.340    -0.013    2565
     0.140     0.340    -0.006    2347
     0.160     0.340    -0.005    2458
     0.180     0.340    -0.005    2321
     0.200     0.340    -0.004    2315
     0.220     0.340     0.002    2295
     0.240     0.340     0.010    2926
     0.260     0.340     0.014    2783
     0.280     0.340     0.011    2275
     0.300     0.340     0.005    2769
     0.320     0.340     0.003    2389
     0.340     0.340     0.000     786
