    Xi (deg)   Xn       delMag   No. in bin
    -0.340    -0.340    -0.025      18
    -0.320    -0.340    -0.023    1735
    -0.300    -0.340    -0.019    2119
    -0.280    -0.340    -0.016    1882
    -0.260    -0.340    -0.011    1843
    -0.240    -0.340    -0.007    2426
    -0.220    -0.340    -0.006    2212
    -0.200    -0.340    -0.003    2360
    -0.180    -0.340     0.003    1920
    -0.160    -0.340     0.003    2290
    -0.140    -0.340     0.003    1926
    -0.120    -0.340     0.001    2287
    -0.100    -0.340    -0.004     300
    -0.080    -0.340    -0.001       0
    -0.060    -0.340     0.005       0
    -0.040    -0.340     0.010       0
    -0.020    -0.340     0.010       0
     0.000    -0.340     0.000       0
     0.020    -0.340    -0.002       0
     0.040    -0.340    -0.002       0
     0.060    -0.340    -0.026       0
     0.080    -0.340    -0.050       0
     0.100    -0.340    -0.057      31
     0.120    -0.340    -0.033    2101
     0.140    -0.340    -0.001    1974
     0.160    -0.340     0.007    1621
     0.180    -0.340     0.011    1562
     0.200    -0.340     0.012    1579
     0.220    -0.340     0.010    2091
     0.240    -0.340     0.006    2637
     0.260    -0.340    -0.003    2265
     0.280    -0.340    -0.011    1838
     0.300    -0.340    -0.016    1746
     0.320    -0.340    -0.026    1682
     0.340    -0.340    -0.032     531
    -0.340    -0.320    -0.020     950
    -0.320    -0.320    -0.018    6730
    -0.300    -0.320    -0.015    7546
    -0.280    -0.320    -0.012    7953
    -0.260    -0.320    -0.009    7222
    -0.240    -0.320    -0.005    8208
    -0.220    -0.320    -0.005    7782
    -0.200    -0.320    -0.002    7256
    -0.180    -0.320     0.003    7222
    -0.160    -0.320     0.005    8004
    -0.140    -0.320     0.006    8011
    -0.120    -0.320     0.003    8161
    -0.100    -0.320    -0.002    1604
    -0.080    -0.320    -0.000       0
    -0.060    -0.320     0.005       0
    -0.040    -0.320     0.010       0
    -0.020    -0.320     0.010       0
     0.000    -0.320     0.000       0
     0.020    -0.320    -0.002       0
     0.040    -0.320    -0.002       0
     0.060    -0.320    -0.026       0
     0.080    -0.320    -0.049       0
     0.100    -0.320    -0.053      78
     0.120    -0.320    -0.029    7725
     0.140    -0.320    -0.001    7893
     0.160    -0.320     0.006    7620
     0.180    -0.320     0.009    6454
     0.200    -0.320     0.010    8172
     0.220    -0.320     0.009    8684
     0.240    -0.320     0.006    8557
     0.260    -0.320    -0.000    9767
     0.280    -0.320    -0.006    9429
     0.300    -0.320    -0.010    8585
     0.320    -0.320    -0.018    8049
     0.340    -0.320    -0.025    3002
    -0.340    -0.300    -0.014    2042
    -0.320    -0.300    -0.012    7059
    -0.300    -0.300    -0.010    8185
    -0.280    -0.300    -0.008    8677
    -0.260    -0.300    -0.007    7854
    -0.240    -0.300    -0.004    8969
    -0.220    -0.300    -0.003    7863
    -0.200    -0.300    -0.001    8195
    -0.180    -0.300     0.003    8071
    -0.160    -0.300     0.007    7602
    -0.140    -0.300     0.009    8086
    -0.120    -0.300     0.004    8664
    -0.100    -0.300     0.000    1329
    -0.080    -0.300     0.001       0
    -0.060    -0.300     0.005       0
    -0.040    -0.300     0.010       0
    -0.020    -0.300     0.010       0
     0.000    -0.300     0.000       0
     0.020    -0.300    -0.002       0
     0.040    -0.300    -0.002       0
     0.060    -0.300    -0.025       0
     0.080    -0.300    -0.048       0
     0.100    -0.300    -0.050     182
     0.120    -0.300    -0.025    7903
     0.140    -0.300    -0.000    8146
     0.160    -0.300     0.005    7916
     0.180    -0.300     0.007    8204
     0.200    -0.300     0.008    8192
     0.220    -0.300     0.007    9104
     0.240    -0.300     0.006   10800
     0.260    -0.300     0.002    9131
     0.280    -0.300    -0.000    9701
     0.300    -0.300    -0.004    9099
     0.320    -0.300    -0.010    9913
     0.340    -0.300    -0.016    3570
    -0.340    -0.280    -0.011    2329
    -0.320    -0.280    -0.009    7730
    -0.300    -0.280    -0.008    8063
    -0.280    -0.280    -0.007    8253
    -0.260    -0.280    -0.006    7235
    -0.240    -0.280    -0.004    9231
    -0.220    -0.280    -0.002    7632
    -0.200    -0.280     0.001    7604
    -0.180    -0.280     0.006    9038
    -0.160    -0.280     0.010    7382
    -0.140    -0.280     0.012    8012
    -0.120    -0.280     0.007    8307
    -0.100    -0.280     0.001    1233
    -0.080    -0.280     0.000       0
    -0.060    -0.280     0.005       0
    -0.040    -0.280     0.010       0
    -0.020    -0.280     0.010       0
     0.000    -0.280     0.000       0
     0.020    -0.280    -0.002       0
     0.040    -0.280    -0.002       0
     0.060    -0.280    -0.023       0
     0.080    -0.280    -0.043       0
     0.100    -0.280    -0.043     268
     0.120    -0.280    -0.022    9077
     0.140    -0.280    -0.000    9370
     0.160    -0.280     0.004    8405
     0.180    -0.280     0.006    9414
     0.200    -0.280     0.007    9244
     0.220    -0.280     0.006    9240
     0.240    -0.280     0.005   10498
     0.260    -0.280     0.004   11150
     0.280    -0.280     0.003   10302
     0.300    -0.280    -0.001   10057
     0.320    -0.280    -0.005    8498
     0.340    -0.280    -0.010    3908
    -0.340    -0.260    -0.011    2195
    -0.320    -0.260    -0.009    7523
    -0.300    -0.260    -0.008    7587
    -0.280    -0.260    -0.006    8739
    -0.260    -0.260    -0.006    6918
    -0.240    -0.260    -0.005    7742
    -0.220    -0.260    -0.001    7977
    -0.200    -0.260     0.003    7066
    -0.180    -0.260     0.008    6957
    -0.160    -0.260     0.013    7036
    -0.140    -0.260     0.017    7173
    -0.120    -0.260     0.010    7391
    -0.100    -0.260     0.003    1484
    -0.080    -0.260     0.000       0
    -0.060    -0.260     0.005       0
    -0.040    -0.260     0.010       0
    -0.020    -0.260     0.010       0
     0.000    -0.260     0.000       0
     0.020    -0.260    -0.002       0
     0.040    -0.260    -0.002       0
     0.060    -0.260    -0.019       0
     0.080    -0.260    -0.036       0
     0.100    -0.260    -0.036     472
     0.120    -0.260    -0.019    8001
     0.140    -0.260    -0.001    8329
     0.160    -0.260     0.002    8398
     0.180    -0.260     0.004    8605
     0.200    -0.260     0.004    9262
     0.220    -0.260     0.004    9372
     0.240    -0.260     0.003   10145
     0.260    -0.260     0.003    9237
     0.280    -0.260     0.002    8671
     0.300    -0.260     0.000    9254
     0.320    -0.260    -0.002    8994
     0.340    -0.260    -0.006    2900
    -0.340    -0.240    -0.009    2162
    -0.320    -0.240    -0.008    7185
    -0.300    -0.240    -0.007    7227
    -0.280    -0.240    -0.006    9135
    -0.260    -0.240    -0.005    6845
    -0.240    -0.240    -0.003    7621
    -0.220    -0.240     0.002    8598
    -0.200    -0.240     0.007    8413
    -0.180    -0.240     0.014    7172
    -0.160    -0.240     0.019    7354
    -0.140    -0.240     0.022    8183
    -0.120    -0.240     0.015    8806
    -0.100    -0.240     0.006    1218
    -0.080    -0.240     0.002       0
    -0.060    -0.240     0.006       0
    -0.040    -0.240     0.010       0
    -0.020    -0.240     0.010       0
     0.000    -0.240     0.000       0
     0.020    -0.240    -0.002       0
     0.040    -0.240    -0.002       0
     0.060    -0.240    -0.017       0
     0.080    -0.240    -0.032       0
     0.100    -0.240    -0.032     647
     0.120    -0.240    -0.016    8325
     0.140    -0.240     0.000    8862
     0.160    -0.240     0.001    9399
     0.180    -0.240     0.003    9293
     0.200    -0.240     0.003    9359
     0.220    -0.240     0.001   10163
     0.240    -0.240    -0.000   10698
     0.260    -0.240     0.001    9603
     0.280    -0.240     0.000    8875
     0.300    -0.240    -0.000    9603
     0.320    -0.240    -0.001   10024
     0.340    -0.240    -0.005    3270
    -0.340    -0.220    -0.008    1919
    -0.320    -0.220    -0.008    6526
    -0.300    -0.220    -0.007    7378
    -0.280    -0.220    -0.005    8035
    -0.260    -0.220    -0.003    7650
    -0.240    -0.220     0.000    8354
    -0.220    -0.220     0.005    7187
    -0.200    -0.220     0.011    8053
    -0.180    -0.220     0.018    7473
    -0.160    -0.220     0.022    8690
    -0.140    -0.220     0.026    8807
    -0.120    -0.220     0.018    9116
    -0.100    -0.220     0.009    1301
    -0.080    -0.220     0.003       0
    -0.060    -0.220     0.007       0
    -0.040    -0.220     0.010       0
    -0.020    -0.220     0.010       0
     0.000    -0.220     0.000       0
     0.020    -0.220    -0.002       0
     0.040    -0.220    -0.002       0
     0.060    -0.220    -0.014       0
     0.080    -0.220    -0.026       0
     0.100    -0.220    -0.025     995
     0.120    -0.220    -0.012    9291
     0.140    -0.220     0.002    9102
     0.160    -0.220     0.002    9173
     0.180    -0.220     0.002    8974
     0.200    -0.220     0.001    9411
     0.220    -0.220    -0.000   10504
     0.240    -0.220    -0.001    9874
     0.260    -0.220     0.000    9549
     0.280    -0.220    -0.001   10926
     0.300    -0.220    -0.002    9657
     0.320    -0.220    -0.003    9878
     0.340    -0.220    -0.005    3195
    -0.340    -0.200    -0.007    2465
    -0.320    -0.200    -0.008    6670
    -0.300    -0.200    -0.007    8314
    -0.280    -0.200    -0.004    8433
    -0.260    -0.200    -0.001    8531
    -0.240    -0.200     0.003    8105
    -0.220    -0.200     0.009    7927
    -0.200    -0.200     0.015    8400
    -0.180    -0.200     0.021    8473
    -0.160    -0.200     0.025    8517
    -0.140    -0.200     0.027    9151
    -0.120    -0.200     0.019    9019
    -0.100    -0.200     0.012    1627
    -0.080    -0.200     0.006       0
    -0.060    -0.200     0.008       0
    -0.040    -0.200     0.010       0
    -0.020    -0.200     0.010       0
     0.000    -0.200     0.000       0
     0.020    -0.200    -0.002       0
     0.040    -0.200    -0.002       0
     0.060    -0.200    -0.012       0
     0.080    -0.200    -0.022       0
     0.100    -0.200    -0.019     918
     0.120    -0.200    -0.007    9191
     0.140    -0.200     0.005    8007
     0.160    -0.200     0.003   10001
     0.180    -0.200     0.002   10158
     0.200    -0.200     0.002    9891
     0.220    -0.200     0.001    8617
     0.240    -0.200     0.001    9001
     0.260    -0.200    -0.000    9877
     0.280    -0.200    -0.001   10192
     0.300    -0.200    -0.002    9998
     0.320    -0.200    -0.004   10300
     0.340    -0.200    -0.006    3143
    -0.340    -0.180    -0.008    1896
    -0.320    -0.180    -0.008    6800
    -0.300    -0.180    -0.007    8353
    -0.280    -0.180    -0.004    8748
    -0.260    -0.180    -0.000    8111
    -0.240    -0.180     0.004    8369
    -0.220    -0.180     0.009    8511
    -0.200    -0.180     0.015    8517
    -0.180    -0.180     0.021    8143
    -0.160    -0.180     0.026    8079
    -0.140    -0.180     0.029    8610
    -0.120    -0.180     0.021    9171
    -0.100    -0.180     0.014    1505
    -0.080    -0.180     0.008       0
    -0.060    -0.180     0.009       0
    -0.040    -0.180     0.010       0
    -0.020    -0.180     0.010       0
     0.000    -0.180     0.000       0
     0.020    -0.180    -0.002       0
     0.040    -0.180    -0.002       0
     0.060    -0.180    -0.008       0
     0.080    -0.180    -0.014       0
     0.100    -0.180    -0.010     978
     0.120    -0.180    -0.001    9597
     0.140    -0.180     0.010    9847
     0.160    -0.180     0.008   10205
     0.180    -0.180     0.005   10218
     0.200    -0.180     0.003   10408
     0.220    -0.180     0.003   10466
     0.240    -0.180     0.003    9506
     0.260    -0.180     0.002    9597
     0.280    -0.180     0.000   10354
     0.300    -0.180    -0.001   10135
     0.320    -0.180    -0.003   10182
     0.340    -0.180    -0.005    2679
    -0.340    -0.160    -0.009    1820
    -0.320    -0.160    -0.008    7246
    -0.300    -0.160    -0.007    8569
    -0.280    -0.160    -0.004    8662
    -0.260    -0.160    -0.001    7715
    -0.240    -0.160     0.004    8320
    -0.220    -0.160     0.011    8824
    -0.200    -0.160     0.018    7007
    -0.180    -0.160     0.023    7750
    -0.160    -0.160     0.028    8215
    -0.140    -0.160     0.030    8280
    -0.120    -0.160     0.024    8791
    -0.100    -0.160     0.017    1867
    -0.080    -0.160     0.011       0
    -0.060    -0.160     0.011       0
    -0.040    -0.160     0.010       0
    -0.020    -0.160     0.010       0
     0.000    -0.160     0.000       0
     0.020    -0.160    -0.002       0
     0.040    -0.160    -0.002       0
     0.060    -0.160    -0.008       0
     0.080    -0.160    -0.014       0
     0.100    -0.160    -0.010    1254
     0.120    -0.160     0.001    9857
     0.140    -0.160     0.013   11157
     0.160    -0.160     0.011   10730
     0.180    -0.160     0.008   11219
     0.200    -0.160     0.007   10619
     0.220    -0.160     0.006   10003
     0.240    -0.160     0.006   10850
     0.260    -0.160     0.004   10712
     0.280    -0.160     0.002   10452
     0.300    -0.160    -0.000    9533
     0.320    -0.160    -0.002   10336
     0.340    -0.160    -0.004    3450
    -0.340    -0.140    -0.011    2072
    -0.320    -0.140    -0.009    7641
    -0.300    -0.140    -0.007    7182
    -0.280    -0.140    -0.004    8327
    -0.260    -0.140    -0.002    7720
    -0.240    -0.140     0.005    8968
    -0.220    -0.140     0.012    7744
    -0.200    -0.140     0.020    8204
    -0.180    -0.140     0.025    8344
    -0.160    -0.140     0.029    8097
    -0.140    -0.140     0.031    8580
    -0.120    -0.140     0.026    9258
    -0.100    -0.140     0.020    1634
    -0.080    -0.140     0.013       0
    -0.060    -0.140     0.011       0
    -0.040    -0.140     0.010       0
    -0.020    -0.140     0.010       0
     0.000    -0.140     0.000       0
     0.020    -0.140    -0.002       0
     0.040    -0.140    -0.002       0
     0.060    -0.140    -0.010       0
     0.080    -0.140    -0.018       0
     0.100    -0.140    -0.015     631
     0.120    -0.140    -0.000    8902
     0.140    -0.140     0.016   10644
     0.160    -0.140     0.014    9398
     0.180    -0.140     0.011   10350
     0.200    -0.140     0.009   10379
     0.220    -0.140     0.009   10451
     0.240    -0.140     0.008    9722
     0.260    -0.140     0.006    9968
     0.280    -0.140     0.003   10860
     0.300    -0.140     0.000    9497
     0.320    -0.140    -0.002   10399
     0.340    -0.140    -0.005    3465
    -0.340    -0.120    -0.019    1864
    -0.320    -0.120    -0.017    7268
    -0.300    -0.120    -0.014    8056
    -0.280    -0.120    -0.011    8259
    -0.260    -0.120    -0.008    7335
    -0.240    -0.120    -0.001    8709
    -0.220    -0.120     0.006    7733
    -0.200    -0.120     0.013    7372
    -0.180    -0.120     0.018    7720
    -0.160    -0.120     0.022    8518
    -0.140    -0.120     0.025    8794
    -0.120    -0.120     0.023    8306
    -0.100    -0.120     0.019    1828
    -0.080    -0.120     0.013       0
    -0.060    -0.120     0.011       0
    -0.040    -0.120     0.010       0
    -0.020    -0.120     0.010       0
     0.000    -0.120     0.000       0
     0.020    -0.120    -0.002       0
     0.040    -0.120    -0.002       0
     0.060    -0.120    -0.011       0
     0.080    -0.120    -0.020       0
     0.100    -0.120    -0.017     667
     0.120    -0.120    -0.004   10304
     0.140    -0.120     0.009   10684
     0.160    -0.120     0.009    9366
     0.180    -0.120     0.006   10494
     0.200    -0.120     0.004   10514
     0.220    -0.120     0.003   11093
     0.240    -0.120     0.002   11112
     0.260    -0.120     0.000   10884
     0.280    -0.120    -0.003   10528
     0.300    -0.120    -0.006   10230
     0.320    -0.120    -0.011   11429
     0.340    -0.120    -0.016    2968
    -0.340    -0.100    -0.027     351
    -0.320    -0.100    -0.024    1338
    -0.300    -0.100    -0.022    1622
    -0.280    -0.100    -0.018    1346
    -0.260    -0.100    -0.014    1154
    -0.240    -0.100    -0.008    1696
    -0.220    -0.100    -0.001    1284
    -0.200    -0.100     0.005    1223
    -0.180    -0.100     0.009    1805
    -0.160    -0.100     0.014    1749
    -0.140    -0.100     0.018    1842
    -0.120    -0.100     0.018    2466
    -0.100    -0.100     0.015     231
    -0.080    -0.100     0.011       0
    -0.060    -0.100     0.011       0
    -0.040    -0.100     0.010       0
    -0.020    -0.100     0.010       0
     0.000    -0.100     0.000       0
     0.020    -0.100    -0.002       0
     0.040    -0.100    -0.002       0
     0.060    -0.100    -0.008       0
     0.080    -0.100    -0.015       0
     0.100    -0.100    -0.016      63
     0.120    -0.100    -0.008    1438
     0.140    -0.100     0.002    1465
     0.160    -0.100     0.003    1601
     0.180    -0.100     0.000    1784
     0.200    -0.100    -0.003    1652
     0.220    -0.100    -0.004    1696
     0.240    -0.100    -0.006    1936
     0.260    -0.100    -0.006    2259
     0.280    -0.100    -0.008    2373
     0.300    -0.100    -0.013    1963
     0.320    -0.100    -0.020    2196
     0.340    -0.100    -0.028     640
    -0.340    -0.080    -0.020       0
    -0.320    -0.080    -0.018       0
    -0.300    -0.080    -0.016       0
    -0.280    -0.080    -0.013       0
    -0.260    -0.080    -0.010       0
    -0.240    -0.080    -0.006       0
    -0.220    -0.080    -0.002       0
    -0.200    -0.080     0.001       0
    -0.180    -0.080     0.003       0
    -0.160    -0.080     0.008       0
    -0.140    -0.080     0.011       0
    -0.120    -0.080     0.012       0
    -0.100    -0.080     0.011       0
    -0.080    -0.080     0.010       0
    -0.060    -0.080     0.010       0
    -0.040    -0.080     0.010       0
    -0.020    -0.080     0.010       0
     0.000    -0.080     0.000       0
     0.020    -0.080    -0.002       0
     0.040    -0.080    -0.002       0
     0.060    -0.080    -0.005       0
     0.080    -0.080    -0.009       0
     0.100    -0.080    -0.009       0
     0.120    -0.080    -0.008       0
     0.140    -0.080    -0.004       0
     0.160    -0.080    -0.002       0
     0.180    -0.080    -0.004       0
     0.200    -0.080    -0.007       0
     0.220    -0.080    -0.008       0
     0.240    -0.080    -0.009       0
     0.260    -0.080    -0.009       0
     0.280    -0.080    -0.010       0
     0.300    -0.080    -0.013       0
     0.320    -0.080    -0.019       0
     0.340    -0.080    -0.025       0
    -0.340    -0.060    -0.005       0
    -0.320    -0.060    -0.004       0
    -0.300    -0.060    -0.003       0
    -0.280    -0.060    -0.002       0
    -0.260    -0.060     0.000       0
    -0.240    -0.060     0.002       0
    -0.220    -0.060     0.004       0
    -0.200    -0.060     0.006       0
    -0.180    -0.060     0.007       0
    -0.160    -0.060     0.009       0
    -0.140    -0.060     0.011       0
    -0.120    -0.060     0.011       0
    -0.100    -0.060     0.010       0
    -0.080    -0.060     0.010       0
    -0.060    -0.060     0.010       0
    -0.040    -0.060     0.010       0
    -0.020    -0.060     0.010       0
     0.000    -0.060     0.000       0
     0.020    -0.060    -0.002       0
     0.040    -0.060    -0.002       0
     0.060    -0.060    -0.002       0
     0.080    -0.060    -0.004       0
     0.100    -0.060    -0.005       0
     0.120    -0.060    -0.005       0
     0.140    -0.060    -0.003       0
     0.160    -0.060    -0.002       0
     0.180    -0.060    -0.003       0
     0.200    -0.060    -0.005       0
     0.220    -0.060    -0.005       0
     0.240    -0.060    -0.006       0
     0.260    -0.060    -0.005       0
     0.280    -0.060    -0.006       0
     0.300    -0.060    -0.008       0
     0.320    -0.060    -0.011       0
     0.340    -0.060    -0.014       0
    -0.340    -0.040     0.010       0
    -0.320    -0.040     0.010       0
    -0.300    -0.040     0.010       0
    -0.280    -0.040     0.010       0
    -0.260    -0.040     0.010       0
    -0.240    -0.040     0.010       0
    -0.220    -0.040     0.010       0
    -0.200    -0.040     0.010       0
    -0.180    -0.040     0.010       0
    -0.160    -0.040     0.010       0
    -0.140    -0.040     0.010       0
    -0.120    -0.040     0.010       0
    -0.100    -0.040     0.010       0
    -0.080    -0.040     0.010       0
    -0.060    -0.040     0.010       0
    -0.040    -0.040     0.010       0
    -0.020    -0.040     0.010       0
     0.000    -0.040     0.000       0
     0.020    -0.040    -0.002       0
     0.040    -0.040    -0.002       0
     0.060    -0.040    -0.002       0
     0.080    -0.040    -0.002       0
     0.100    -0.040    -0.002       0
     0.120    -0.040    -0.002       0
     0.140    -0.040    -0.002       0
     0.160    -0.040    -0.002       0
     0.180    -0.040    -0.002       0
     0.200    -0.040    -0.002       0
     0.220    -0.040    -0.002       0
     0.240    -0.040    -0.002       0
     0.260    -0.040    -0.002       0
     0.280    -0.040    -0.002       0
     0.300    -0.040    -0.002       0
     0.320    -0.040    -0.002       0
     0.340    -0.040    -0.002       0
    -0.340    -0.020     0.010       0
    -0.320    -0.020     0.010       0
    -0.300    -0.020     0.010       0
    -0.280    -0.020     0.010       0
    -0.260    -0.020     0.010       0
    -0.240    -0.020     0.010       0
    -0.220    -0.020     0.010       0
    -0.200    -0.020     0.010       0
    -0.180    -0.020     0.010       0
    -0.160    -0.020     0.010       0
    -0.140    -0.020     0.010       0
    -0.120    -0.020     0.010       0
    -0.100    -0.020     0.010       0
    -0.080    -0.020     0.010       0
    -0.060    -0.020     0.010       0
    -0.040    -0.020     0.010       0
    -0.020    -0.020     0.010       0
     0.000    -0.020     0.000       0
     0.020    -0.020    -0.002       0
     0.040    -0.020    -0.002       0
     0.060    -0.020    -0.002       0
     0.080    -0.020    -0.002       0
     0.100    -0.020    -0.002       0
     0.120    -0.020    -0.002       0
     0.140    -0.020    -0.002       0
     0.160    -0.020    -0.002       0
     0.180    -0.020    -0.002       0
     0.200    -0.020    -0.002       0
     0.220    -0.020    -0.002       0
     0.240    -0.020    -0.002       0
     0.260    -0.020    -0.002       0
     0.280    -0.020    -0.002       0
     0.300    -0.020    -0.002       0
     0.320    -0.020    -0.002       0
     0.340    -0.020    -0.002       0
    -0.340     0.000     0.000       0
    -0.320     0.000     0.000       0
    -0.300     0.000    -0.000       0
    -0.280     0.000     0.000       0
    -0.260     0.000    -0.000       0
    -0.240     0.000    -0.000       0
    -0.220     0.000     0.000       0
    -0.200     0.000    -0.000       0
    -0.180     0.000    -0.000       0
    -0.160     0.000     0.000       0
    -0.140     0.000     0.000       0
    -0.120     0.000    -0.000       0
    -0.100     0.000     0.000       0
    -0.080     0.000    -0.000       0
    -0.060     0.000     0.000       0
    -0.040     0.000     0.000       0
    -0.020     0.000     0.000       0
     0.000     0.000     0.000       0
     0.020     0.000     0.000       0
     0.040     0.000     0.000       0
     0.060     0.000     0.000       0
     0.080     0.000    -0.000       0
     0.100     0.000    -0.000       0
     0.120     0.000    -0.000       0
     0.140     0.000     0.000       0
     0.160     0.000     0.000       0
     0.180     0.000    -0.000       0
     0.200     0.000     0.000       0
     0.220     0.000    -0.000       0
     0.240     0.000     0.000       0
     0.260     0.000     0.000       0
     0.280     0.000    -0.000       0
     0.300     0.000     0.000       0
     0.320     0.000     0.000       0
     0.340     0.000     0.000       0
    -0.340     0.020    -0.029       0
    -0.320     0.020    -0.029       0
    -0.300     0.020    -0.029       0
    -0.280     0.020    -0.029       0
    -0.260     0.020    -0.029       0
    -0.240     0.020    -0.029       0
    -0.220     0.020    -0.029       0
    -0.200     0.020    -0.029       0
    -0.180     0.020    -0.029       0
    -0.160     0.020    -0.029       0
    -0.140     0.020    -0.029       0
    -0.120     0.020    -0.029       0
    -0.100     0.020    -0.029       0
    -0.080     0.020    -0.029       0
    -0.060     0.020    -0.029       0
    -0.040     0.020    -0.029       0
    -0.020     0.020    -0.029       0
     0.000     0.020     0.000       0
     0.020     0.020     0.010       0
     0.040     0.020     0.010       0
     0.060     0.020     0.010       0
     0.080     0.020     0.010       0
     0.100     0.020     0.010       0
     0.120     0.020     0.010       0
     0.140     0.020     0.010       0
     0.160     0.020     0.010       0
     0.180     0.020     0.010       0
     0.200     0.020     0.010       0
     0.220     0.020     0.010       0
     0.240     0.020     0.010       0
     0.260     0.020     0.010       0
     0.280     0.020     0.010       0
     0.300     0.020     0.010       0
     0.320     0.020     0.010       0
     0.340     0.020     0.010       0
    -0.340     0.040    -0.029       0
    -0.320     0.040    -0.029       0
    -0.300     0.040    -0.029       0
    -0.280     0.040    -0.029       0
    -0.260     0.040    -0.029       0
    -0.240     0.040    -0.029       0
    -0.220     0.040    -0.029       0
    -0.200     0.040    -0.029       0
    -0.180     0.040    -0.029       0
    -0.160     0.040    -0.029       0
    -0.140     0.040    -0.029       0
    -0.120     0.040    -0.029       0
    -0.100     0.040    -0.029       0
    -0.080     0.040    -0.029       0
    -0.060     0.040    -0.029       0
    -0.040     0.040    -0.029       0
    -0.020     0.040    -0.029       0
     0.000     0.040     0.000       0
     0.020     0.040     0.010       0
     0.040     0.040     0.010       0
     0.060     0.040     0.010       0
     0.080     0.040     0.010       0
     0.100     0.040     0.010       0
     0.120     0.040     0.010       0
     0.140     0.040     0.010       0
     0.160     0.040     0.010       0
     0.180     0.040     0.010       0
     0.200     0.040     0.010       0
     0.220     0.040     0.010       0
     0.240     0.040     0.010       0
     0.260     0.040     0.010       0
     0.280     0.040     0.010       0
     0.300     0.040     0.010       0
     0.320     0.040     0.010       0
     0.340     0.040     0.010       0
    -0.340     0.060    -0.009       0
    -0.320     0.060    -0.007       0
    -0.300     0.060    -0.005       0
    -0.280     0.060    -0.004       0
    -0.260     0.060    -0.005       0
    -0.240     0.060    -0.008       0
    -0.220     0.060    -0.013       0
    -0.200     0.060    -0.018       0
    -0.180     0.060    -0.022       0
    -0.160     0.060    -0.023       0
    -0.140     0.060    -0.023       0
    -0.120     0.060    -0.026       0
    -0.100     0.060    -0.029       0
    -0.080     0.060    -0.029       0
    -0.060     0.060    -0.029       0
    -0.040     0.060    -0.029       0
    -0.020     0.060    -0.029       0
     0.000     0.060     0.000       0
     0.020     0.060     0.010       0
     0.040     0.060     0.010       0
     0.060     0.060     0.010       0
     0.080     0.060     0.010       0
     0.100     0.060     0.007       0
     0.120     0.060     0.005       0
     0.140     0.060     0.004       0
     0.160     0.060     0.006       0
     0.180     0.060     0.007       0
     0.200     0.060     0.006       0
     0.220     0.060     0.005       0
     0.240     0.060     0.005       0
     0.260     0.060     0.005       0
     0.280     0.060     0.005       0
     0.300     0.060     0.005       0
     0.320     0.060     0.005       0
     0.340     0.060     0.004       0
    -0.340     0.080     0.012       0
    -0.320     0.080     0.015       0
    -0.300     0.080     0.019       0
    -0.280     0.080     0.020       0
    -0.260     0.080     0.019       0
    -0.240     0.080     0.013       0
    -0.220     0.080     0.003       0
    -0.200     0.080    -0.008       0
    -0.180     0.080    -0.016       0
    -0.160     0.080    -0.018       0
    -0.140     0.080    -0.017       0
    -0.120     0.080    -0.021       0
    -0.100     0.080    -0.026       0
    -0.080     0.080    -0.029       0
    -0.060     0.080    -0.029       0
    -0.040     0.080    -0.029       0
    -0.020     0.080    -0.029       0
     0.000     0.080     0.000       0
     0.020     0.080     0.010       0
     0.040     0.080     0.010       0
     0.060     0.080     0.010       0
     0.080     0.080     0.009       0
     0.100     0.080     0.004       0
     0.120     0.080    -0.001       0
     0.140     0.080    -0.002       0
     0.160     0.080     0.002       0
     0.180     0.080     0.003       0
     0.200     0.080     0.002       0
     0.220     0.080     0.000       0
     0.240     0.080    -0.000       0
     0.260     0.080    -0.000       0
     0.280     0.080    -0.001       0
     0.300     0.080    -0.001       0
     0.320     0.080    -0.001       0
     0.340     0.080    -0.002       0
    -0.340     0.100     0.031     121
    -0.320     0.100     0.038     793
    -0.300     0.100     0.043    1231
    -0.280     0.100     0.044     962
    -0.260     0.100     0.043    1070
    -0.240     0.100     0.034     798
    -0.220     0.100     0.022     848
    -0.200     0.100     0.009     572
    -0.180     0.100     0.000     652
    -0.160     0.100    -0.001     972
    -0.140     0.100     0.001    1026
    -0.120     0.100    -0.003    1238
    -0.100     0.100    -0.009     279
    -0.080     0.100    -0.018       0
    -0.060     0.100    -0.023       0
    -0.040     0.100    -0.029       0
    -0.020     0.100    -0.029       0
     0.000     0.100     0.000       0
     0.020     0.100     0.010       0
     0.040     0.100     0.010       0
     0.060     0.100     0.008       0
     0.080     0.100     0.005       0
     0.100     0.100    -0.001     101
     0.120     0.100    -0.007    2167
     0.140     0.100    -0.006    1778
     0.160     0.100    -0.001    1949
     0.180     0.100     0.002    1972
     0.200     0.100     0.000    1866
     0.220     0.100    -0.002    1841
     0.240     0.100    -0.003    2084
     0.260     0.100    -0.002    1861
     0.280     0.100    -0.001    1752
     0.300     0.100    -0.001    1675
     0.320     0.100    -0.002    1557
     0.340     0.100    -0.003     400
    -0.340     0.120     0.027    1550
    -0.320     0.120     0.034    8577
    -0.300     0.120     0.041    9471
    -0.280     0.120     0.042   10610
    -0.260     0.120     0.042    9167
    -0.240     0.120     0.035    8280
    -0.220     0.120     0.025    8794
    -0.200     0.120     0.015    8421
    -0.180     0.120     0.010    8696
    -0.160     0.120     0.010   10808
    -0.140     0.120     0.013   10931
    -0.120     0.120     0.012   10701
    -0.100     0.120     0.009    2838
    -0.080     0.120    -0.007       0
    -0.060     0.120    -0.018       0
    -0.040     0.120    -0.029       0
    -0.020     0.120    -0.029       0
     0.000     0.120     0.000       0
     0.020     0.120     0.010       0
     0.040     0.120     0.010       0
     0.060     0.120     0.004       0
     0.080     0.120    -0.003       0
     0.100     0.120    -0.009     610
     0.120     0.120    -0.009    9320
     0.140     0.120    -0.004    9772
     0.160     0.120     0.000    9292
     0.180     0.120     0.004   10011
     0.200     0.120     0.003    9228
     0.220     0.120     0.002    8664
     0.240     0.120     0.002    9621
     0.260     0.120     0.003    9640
     0.280     0.120     0.004   10034
     0.300     0.120     0.005   10131
     0.320     0.120     0.003    8863
     0.340     0.120     0.002    3526
    -0.340     0.140     0.022    1541
    -0.320     0.140     0.027    8024
    -0.300     0.140     0.032    9388
    -0.280     0.140     0.033    9397
    -0.260     0.140     0.033    9076
    -0.240     0.140     0.028    7936
    -0.220     0.140     0.021    7868
    -0.200     0.140     0.016    8233
    -0.180     0.140     0.015    9390
    -0.160     0.140     0.018   10288
    -0.140     0.140     0.022   10488
    -0.120     0.140     0.023   10296
    -0.100     0.140     0.021    3570
    -0.080     0.140     0.002       0
    -0.060     0.140    -0.013       0
    -0.040     0.140    -0.029       0
    -0.020     0.140    -0.029       0
     0.000     0.140     0.000       0
     0.020     0.140     0.010       0
     0.040     0.140     0.010       0
     0.060     0.140     0.000       0
     0.080     0.140    -0.010       0
     0.100     0.140    -0.016     512
     0.120     0.140    -0.012    9912
     0.140     0.140    -0.003    9564
     0.160     0.140     0.000    9091
     0.180     0.140     0.004    9703
     0.200     0.140     0.005    8525
     0.220     0.140     0.006    8783
     0.240     0.140     0.006    9757
     0.260     0.140     0.008   11109
     0.280     0.140     0.009    9822
     0.300     0.140     0.011   10194
     0.320     0.140     0.008    9529
     0.340     0.140     0.007    3123
    -0.340     0.160     0.011    1332
    -0.320     0.160     0.013    8192
    -0.300     0.160     0.015    8247
    -0.280     0.160     0.016    9395
    -0.260     0.160     0.017    8590
    -0.240     0.160     0.015    9004
    -0.220     0.160     0.012    8259
    -0.200     0.160     0.009    9452
    -0.180     0.160     0.009    9834
    -0.160     0.160     0.013   10099
    -0.140     0.160     0.017    9920
    -0.120     0.160     0.018    9813
    -0.100     0.160     0.016    3069
    -0.080     0.160    -0.001       0
    -0.060     0.160    -0.015       0
    -0.040     0.160    -0.029       0
    -0.020     0.160    -0.029       0
     0.000     0.160     0.000       0
     0.020     0.160     0.010       0
     0.040     0.160     0.010       0
     0.060     0.160    -0.002       0
     0.080     0.160    -0.014       0
     0.100     0.160    -0.022     434
     0.120     0.160    -0.015    9794
     0.140     0.160    -0.005    9437
     0.160     0.160    -0.001    9499
     0.180     0.160     0.002    9462
     0.200     0.160     0.003    9735
     0.220     0.160     0.005    9833
     0.240     0.160     0.006    9685
     0.260     0.160     0.008    9286
     0.280     0.160     0.010    8620
     0.300     0.160     0.012    9599
     0.320     0.160     0.008    8941
     0.340     0.160     0.007    3334
    -0.340     0.180     0.003    1668
    -0.320     0.180     0.002    7468
    -0.300     0.180     0.001    8008
    -0.280     0.180    -0.000    9106
    -0.260     0.180    -0.001    8341
    -0.240     0.180    -0.001    8591
    -0.220     0.180    -0.000    8644
    -0.200     0.180     0.001    9219
    -0.180     0.180     0.003   10023
    -0.160     0.180     0.008    9543
    -0.140     0.180     0.012    9902
    -0.120     0.180     0.012   10116
    -0.100     0.180     0.010    3356
    -0.080     0.180    -0.004       0
    -0.060     0.180    -0.016       0
    -0.040     0.180    -0.029       0
    -0.020     0.180    -0.029       0
     0.000     0.180     0.000       0
     0.020     0.180     0.010       0
     0.040     0.180     0.010       0
     0.060     0.180     0.000       0
     0.080     0.180    -0.010       0
     0.100     0.180    -0.017     409
     0.120     0.180    -0.012    9432
     0.140     0.180    -0.007    8570
     0.160     0.180    -0.003    9424
     0.180     0.180    -0.002    8875
     0.200     0.180     0.001    9043
     0.220     0.180     0.002    9107
     0.240     0.180     0.003    9315
     0.260     0.180     0.006    8621
     0.280     0.180     0.008    9321
     0.300     0.180     0.010    9212
     0.320     0.180     0.008    8425
     0.340     0.180     0.008    3568
    -0.340     0.200    -0.004    1506
    -0.320     0.200    -0.005    7779
    -0.300     0.200    -0.007    8166
    -0.280     0.200    -0.008    8297
    -0.260     0.200    -0.010    8609
    -0.240     0.200    -0.009    8896
    -0.220     0.200    -0.007    8629
    -0.200     0.200    -0.005    8379
    -0.180     0.200    -0.001    9942
    -0.160     0.200     0.003    9534
    -0.140     0.200     0.006   10038
    -0.120     0.200     0.007   10382
    -0.100     0.200     0.005    3427
    -0.080     0.200    -0.008       0
    -0.060     0.200    -0.018       0
    -0.040     0.200    -0.029       0
    -0.020     0.200    -0.029       0
     0.000     0.200     0.000       0
     0.020     0.200     0.010       0
     0.040     0.200     0.010       0
     0.060     0.200     0.002       0
     0.080     0.200    -0.006       0
     0.100     0.200    -0.012     660
     0.120     0.200    -0.009   10101
     0.140     0.200    -0.007    8957
     0.160     0.200    -0.004    9024
     0.180     0.200    -0.003    9623
     0.200     0.200    -0.002    8995
     0.220     0.200    -0.001    8795
     0.240     0.200     0.001    8292
     0.260     0.200     0.003    8136
     0.280     0.200     0.006    8600
     0.300     0.200     0.008    9063
     0.320     0.200     0.007    8041
     0.340     0.200     0.008    2921
    -0.340     0.220     0.002    1954
    -0.320     0.220     0.001    8113
    -0.300     0.220    -0.002    7469
    -0.280     0.220    -0.006    7461
    -0.260     0.220    -0.012    7775
    -0.240     0.220    -0.013    8258
    -0.220     0.220    -0.012    8328
    -0.200     0.220    -0.010    8071
    -0.180     0.220    -0.006    8551
    -0.160     0.220    -0.002    9050
    -0.140     0.220    -0.001    9307
    -0.120     0.220    -0.002   10147
    -0.100     0.220    -0.005    3697
    -0.080     0.220    -0.014       0
    -0.060     0.220    -0.022       0
    -0.040     0.220    -0.029       0
    -0.020     0.220    -0.029       0
     0.000     0.220    -0.000       0
     0.020     0.220     0.010       0
     0.040     0.220     0.010       0
     0.060     0.220     0.004       0
     0.080     0.220    -0.002       0
     0.100     0.220    -0.008     510
     0.120     0.220    -0.007    8363
     0.140     0.220    -0.005    9293
     0.160     0.220    -0.004    8276
     0.180     0.220    -0.004    8322
     0.200     0.220    -0.004    8850
     0.220     0.220    -0.002    9194
     0.240     0.220    -0.001    8597
     0.260     0.220     0.001    8128
     0.280     0.220     0.004    8211
     0.300     0.220     0.006    8001
     0.320     0.220     0.006    8873
     0.340     0.220     0.007    2958
    -0.340     0.240     0.009    1935
    -0.320     0.240     0.007    7921
    -0.300     0.240     0.003    7993
    -0.280     0.240    -0.003    8431
    -0.260     0.240    -0.010    7518
    -0.240     0.240    -0.012    8341
    -0.220     0.240    -0.012    9024
    -0.200     0.240    -0.012    8431
    -0.180     0.240    -0.010    8608
    -0.160     0.240    -0.008    9355
    -0.140     0.240    -0.008    9140
    -0.120     0.240    -0.010    8864
    -0.100     0.240    -0.013    2761
    -0.080     0.240    -0.020       0
    -0.060     0.240    -0.024       0
    -0.040     0.240    -0.029       0
    -0.020     0.240    -0.029       0
     0.000     0.240    -0.000       0
     0.020     0.240     0.010       0
     0.040     0.240     0.010       0
     0.060     0.240     0.002       0
     0.080     0.240    -0.007       0
     0.100     0.240    -0.012     450
     0.120     0.240    -0.008    8619
     0.140     0.240    -0.004    9037
     0.160     0.240    -0.003    8491
     0.180     0.240    -0.004    8892
     0.200     0.240    -0.005    9043
     0.220     0.240    -0.003    7977
     0.240     0.240    -0.002    8198
     0.260     0.240     0.001    8214
     0.280     0.240     0.004    9051
     0.300     0.240     0.006    8790
     0.320     0.240     0.006    9409
     0.340     0.240     0.006    3105
    -0.340     0.260     0.015    1950
    -0.320     0.260     0.012    7968
    -0.300     0.260     0.007    7564
    -0.280     0.260    -0.000    9251
    -0.260     0.260    -0.007    8205
    -0.240     0.260    -0.011    8689
    -0.220     0.260    -0.012    8415
    -0.200     0.260    -0.011    7319
    -0.180     0.260    -0.010    8888
    -0.160     0.260    -0.010    8831
    -0.140     0.260    -0.011    9188
    -0.120     0.260    -0.014    9114
    -0.100     0.260    -0.018    2615
    -0.080     0.260    -0.024       0
    -0.060     0.260    -0.026       0
    -0.040     0.260    -0.029       0
    -0.020     0.260    -0.029       0
     0.000     0.260    -0.000       0
     0.020     0.260     0.010       0
     0.040     0.260     0.010       0
     0.060     0.260    -0.000       0
     0.080     0.260    -0.011       0
     0.100     0.260    -0.015     693
     0.120     0.260    -0.010    9556
     0.140     0.260    -0.005    8654
     0.160     0.260    -0.005    8962
     0.180     0.260    -0.006    9402
     0.200     0.260    -0.005    8771
     0.220     0.260    -0.004    8521
     0.240     0.260    -0.003    8580
     0.260     0.260     0.002    8504
     0.280     0.260     0.004    8508
     0.300     0.260     0.006    9365
     0.320     0.260     0.006    9260
     0.340     0.260     0.006    3366
    -0.340     0.280     0.014    1889
    -0.320     0.280     0.011    7975
    -0.300     0.280     0.007    7614
    -0.280     0.280     0.000    8439
    -0.260     0.280    -0.006    8144
    -0.240     0.280    -0.008    8543
    -0.220     0.280    -0.009    7252
    -0.200     0.280    -0.010    7630
    -0.180     0.280    -0.010    7778
    -0.160     0.280    -0.009    8798
    -0.140     0.280    -0.011    8382
    -0.120     0.280    -0.014    8410
    -0.100     0.280    -0.017    2540
    -0.080     0.280    -0.023       0
    -0.060     0.280    -0.026       0
    -0.040     0.280    -0.029       0
    -0.020     0.280    -0.029       0
     0.000     0.280    -0.000       0
     0.020     0.280     0.010       0
     0.040     0.280     0.010       0
     0.060     0.280    -0.001       0
     0.080     0.280    -0.013       0
     0.100     0.280    -0.019     472
     0.120     0.280    -0.012    9575
     0.140     0.280    -0.007    9090
     0.160     0.280    -0.007    8181
     0.180     0.280    -0.007    8307
     0.200     0.280    -0.006    7756
     0.220     0.280    -0.003    7320
     0.240     0.280     0.000    7828
     0.260     0.280     0.005    8140
     0.280     0.280     0.005    7902
     0.300     0.280     0.006    7275
     0.320     0.280     0.005    8560
     0.340     0.280     0.005    2681
    -0.340     0.300     0.012    1405
    -0.320     0.300     0.010    7052
    -0.300     0.300     0.005    7377
    -0.280     0.300    -0.001    7583
    -0.260     0.300    -0.006    7538
    -0.240     0.300    -0.007    7922
    -0.220     0.300    -0.007    8117
    -0.200     0.300    -0.007    8146
    -0.180     0.300    -0.006    8136
    -0.160     0.300    -0.006    8111
    -0.140     0.300    -0.007    9736
    -0.120     0.300    -0.012    8467
    -0.100     0.300    -0.017    2247
    -0.080     0.300    -0.023       0
    -0.060     0.300    -0.026       0
    -0.040     0.300    -0.029       0
    -0.020     0.300    -0.029       0
     0.000     0.300     0.000       0
     0.020     0.300     0.010       0
     0.040     0.300     0.010       0
     0.060     0.300    -0.001       0
     0.080     0.300    -0.012       0
     0.100     0.300    -0.018     687
     0.120     0.300    -0.013    7523
     0.140     0.300    -0.009    8270
     0.160     0.300    -0.009    8402
     0.180     0.300    -0.008    8843
     0.200     0.300    -0.007    7687
     0.220     0.300    -0.002    7970
     0.240     0.300     0.003    7356
     0.260     0.300     0.007    8265
     0.280     0.300     0.007    8000
     0.300     0.300     0.007    8296
     0.320     0.300     0.005    8951
     0.340     0.300     0.004    3093
    -0.340     0.320     0.009    1905
    -0.320     0.320     0.007    6971
    -0.300     0.320     0.003    8227
    -0.280     0.320    -0.002    7105
    -0.260     0.320    -0.005    8717
    -0.240     0.320    -0.004    6713
    -0.220     0.320    -0.004    7473
    -0.200     0.320    -0.004    9546
    -0.180     0.320    -0.002    8515
    -0.160     0.320    -0.001    8444
    -0.140     0.320    -0.003    8424
    -0.120     0.320    -0.009    8817
    -0.100     0.320    -0.016    2228
    -0.080     0.320    -0.024       0
    -0.060     0.320    -0.026       0
    -0.040     0.320    -0.029       0
    -0.020     0.320    -0.029       0
     0.000     0.320     0.000       0
     0.020     0.320     0.010       0
     0.040     0.320     0.010       0
     0.060     0.320    -0.000       0
     0.080     0.320    -0.011       0
     0.100     0.320    -0.018     435
     0.120     0.320    -0.014    8316
     0.140     0.320    -0.009    8683
     0.160     0.320    -0.008    7598
     0.180     0.320    -0.008    8025
     0.200     0.320    -0.006    8459
     0.220     0.320    -0.000    8061
     0.240     0.320     0.006    8722
     0.260     0.320     0.010    8570
     0.280     0.320     0.009    7835
     0.300     0.320     0.007    8339
     0.320     0.320     0.005    7893
     0.340     0.320     0.004    2822
    -0.340     0.340     0.007     767
    -0.320     0.340     0.004    2058
    -0.300     0.340    -0.000    2576
    -0.280     0.340    -0.003    2891
    -0.260     0.340    -0.004    2128
    -0.240     0.340    -0.002    2237
    -0.220     0.340    -0.001    2225
    -0.200     0.340    -0.001    2712
    -0.180     0.340     0.002    2496
    -0.160     0.340     0.004    2879
    -0.140     0.340     0.003    2604
    -0.120     0.340    -0.006    2684
    -0.100     0.340    -0.016     746
    -0.080     0.340    -0.024       0
    -0.060     0.340    -0.026       0
    -0.040     0.340    -0.029       0
    -0.020     0.340    -0.029       0
     0.000     0.340     0.000       0
     0.020     0.340     0.010       0
     0.040     0.340     0.010       0
     0.060     0.340     0.000       0
     0.080     0.340    -0.010       0
     0.100     0.340    -0.017     158
     0.120     0.340    -0.015    2157
     0.140     0.340    -0.009    2039
     0.160     0.340    -0.008    2169
     0.180     0.340    -0.007    2003
     0.200     0.340    -0.006    1992
     0.220     0.340     0.001    1990
     0.240     0.340     0.008    2696
     0.260     0.340     0.013    2566
     0.280     0.340     0.010    1979
     0.300     0.340     0.006    2513
     0.320     0.340     0.005    2193
     0.340     0.340     0.003     705
