    Xi (deg)   Xn       delMag   No. in bin
    -0.340    -0.340    -0.047      21
    -0.320    -0.340    -0.042    1099
    -0.300    -0.340    -0.035    1447
    -0.280    -0.340    -0.029    1318
    -0.260    -0.340    -0.019    1233
    -0.240    -0.340    -0.017    1926
    -0.220    -0.340    -0.016    2094
    -0.200    -0.340    -0.021    1635
    -0.180    -0.340    -0.021    1197
    -0.160    -0.340    -0.020    1957
    -0.140    -0.340    -0.018    1250
    -0.120    -0.340    -0.030    1434
    -0.100    -0.340    -0.042     222
    -0.080    -0.340    -0.040       0
    -0.060    -0.340    -0.027       0
    -0.040    -0.340    -0.015       0
    -0.020    -0.340    -0.015       0
     0.000    -0.340     0.000       0
     0.020    -0.340    -0.002       0
     0.040    -0.340    -0.002       0
     0.060    -0.340    -0.010       0
     0.080    -0.340    -0.018       0
     0.100    -0.340    -0.014     132
     0.120    -0.340     0.007    2265
     0.140    -0.340     0.027    1816
     0.160    -0.340     0.026    1747
     0.180    -0.340     0.023    2008
     0.200    -0.340     0.021    1598
     0.220    -0.340     0.016    2648
     0.240    -0.340     0.008    2645
     0.260    -0.340    -0.005    2357
     0.280    -0.340    -0.020    2142
     0.300    -0.340    -0.036    2202
     0.320    -0.340    -0.048    2113
     0.340    -0.340    -0.059     355
    -0.340    -0.320    -0.030     721
    -0.320    -0.320    -0.028    4569
    -0.300    -0.320    -0.024    5386
    -0.280    -0.320    -0.021    4836
    -0.260    -0.320    -0.014    4723
    -0.240    -0.320    -0.014    5586
    -0.220    -0.320    -0.013    4919
    -0.200    -0.320    -0.017    5138
    -0.180    -0.320    -0.016    5046
    -0.160    -0.320    -0.014    5794
    -0.140    -0.320    -0.014    5054
    -0.120    -0.320    -0.024    6748
    -0.100    -0.320    -0.036     750
    -0.080    -0.320    -0.034       0
    -0.060    -0.320    -0.024       0
    -0.040    -0.320    -0.015       0
    -0.020    -0.320    -0.015       0
     0.000    -0.320     0.000       0
     0.020    -0.320    -0.002       0
     0.040    -0.320    -0.002       0
     0.060    -0.320    -0.007       0
     0.080    -0.320    -0.011       0
     0.100    -0.320    -0.005     448
     0.120    -0.320     0.010    5477
     0.140    -0.320     0.025    6074
     0.160    -0.320     0.022    5021
     0.180    -0.320     0.020    5708
     0.200    -0.320     0.018    5660
     0.220    -0.320     0.014    6505
     0.240    -0.320     0.007    7737
     0.260    -0.320    -0.004    7600
     0.280    -0.320    -0.017    9235
     0.300    -0.320    -0.031    7268
     0.320    -0.320    -0.041    6786
     0.340    -0.320    -0.052    2461
    -0.340    -0.300    -0.013    1646
    -0.320    -0.300    -0.014    5143
    -0.300    -0.300    -0.014    5741
    -0.280    -0.300    -0.014    6493
    -0.260    -0.300    -0.008    5234
    -0.240    -0.300    -0.010    5454
    -0.220    -0.300    -0.011    6245
    -0.200    -0.300    -0.013    5877
    -0.180    -0.300    -0.010    6505
    -0.160    -0.300    -0.008    5945
    -0.140    -0.300    -0.009    7244
    -0.120    -0.300    -0.017    7368
    -0.100    -0.300    -0.029    1064
    -0.080    -0.300    -0.028       0
    -0.060    -0.300    -0.021       0
    -0.040    -0.300    -0.015       0
    -0.020    -0.300    -0.015       0
     0.000    -0.300     0.000       0
     0.020    -0.300    -0.002       0
     0.040    -0.300    -0.002       0
     0.060    -0.300    -0.003       0
     0.080    -0.300    -0.004       0
     0.100    -0.300     0.002     490
     0.120    -0.300     0.013    6824
     0.140    -0.300     0.022    6578
     0.160    -0.300     0.018    7134
     0.180    -0.300     0.016    6253
     0.200    -0.300     0.014    6730
     0.220    -0.300     0.012    7327
     0.240    -0.300     0.006    8019
     0.260    -0.300    -0.003    8773
     0.280    -0.300    -0.014    8869
     0.300    -0.300    -0.025    9379
     0.320    -0.300    -0.034    9756
     0.340    -0.300    -0.043    4103
    -0.340    -0.280    -0.003    2212
    -0.320    -0.280    -0.004    5088
    -0.300    -0.280    -0.006    7186
    -0.280    -0.280    -0.008    6248
    -0.260    -0.280    -0.005    6284
    -0.240    -0.280    -0.008    6065
    -0.220    -0.280    -0.009    6457
    -0.200    -0.280    -0.011    6028
    -0.180    -0.280    -0.007    6896
    -0.160    -0.280    -0.004    6155
    -0.140    -0.280    -0.006    6449
    -0.120    -0.280    -0.013    5939
    -0.100    -0.280    -0.022     668
    -0.080    -0.280    -0.025       0
    -0.060    -0.280    -0.020       0
    -0.040    -0.280    -0.015       0
    -0.020    -0.280    -0.015       0
     0.000    -0.280    -0.000       0
     0.020    -0.280    -0.002       0
     0.040    -0.280    -0.002       0
     0.060    -0.280    -0.002       0
     0.080    -0.280    -0.001       0
     0.100    -0.280     0.007     668
     0.120    -0.280     0.014    7563
     0.140    -0.280     0.019    6769
     0.160    -0.280     0.014    7757
     0.180    -0.280     0.012    6509
     0.200    -0.280     0.011    7114
     0.220    -0.280     0.008    6959
     0.240    -0.280     0.004    8725
     0.260    -0.280    -0.004    8248
     0.280    -0.280    -0.013    8118
     0.300    -0.280    -0.021    8575
     0.320    -0.280    -0.030    9109
     0.340    -0.280    -0.039    3022
    -0.340    -0.260     0.002    1518
    -0.320    -0.260    -0.001    5453
    -0.300    -0.260    -0.002    4883
    -0.280    -0.260    -0.003    6211
    -0.260    -0.260    -0.002    4430
    -0.240    -0.260    -0.007    5449
    -0.220    -0.260    -0.007    4641
    -0.200    -0.260    -0.009    6195
    -0.180    -0.260    -0.006    4789
    -0.160    -0.260    -0.002    5732
    -0.140    -0.260     0.000    6216
    -0.120    -0.260    -0.009    6588
    -0.100    -0.260    -0.019    1380
    -0.080    -0.260    -0.022       0
    -0.060    -0.260    -0.018       0
    -0.040    -0.260    -0.015       0
    -0.020    -0.260    -0.015       0
     0.000    -0.260    -0.000       0
     0.020    -0.260    -0.002       0
     0.040    -0.260    -0.002       0
     0.060    -0.260    -0.001       0
     0.080    -0.260     0.000       0
     0.100    -0.260     0.008    1114
     0.120    -0.260     0.015    6696
     0.140    -0.260     0.017    6022
     0.160    -0.260     0.011    6092
     0.180    -0.260     0.007    5967
     0.200    -0.260     0.007    6468
     0.220    -0.260     0.005    6796
     0.240    -0.260     0.003    6929
     0.260    -0.260    -0.005    7002
     0.280    -0.260    -0.012    7907
     0.300    -0.260    -0.019    8036
     0.320    -0.260    -0.027    7265
     0.340    -0.260    -0.033    2867
    -0.340    -0.240     0.005    1899
    -0.320    -0.240     0.002    5104
    -0.300    -0.240     0.000    5088
    -0.280    -0.240    -0.002    6376
    -0.260    -0.240    -0.001    5098
    -0.240    -0.240    -0.004    7024
    -0.220    -0.240    -0.005    5951
    -0.200    -0.240    -0.007    5879
    -0.180    -0.240    -0.003    5133
    -0.160    -0.240     0.001    5521
    -0.140    -0.240     0.005    5118
    -0.120    -0.240    -0.005    7138
    -0.100    -0.240    -0.013    1203
    -0.080    -0.240    -0.017       0
    -0.060    -0.240    -0.016       0
    -0.040    -0.240    -0.015       0
    -0.020    -0.240    -0.015       0
     0.000    -0.240    -0.000       0
     0.020    -0.240    -0.002       0
     0.040    -0.240    -0.002       0
     0.060    -0.240    -0.003       0
     0.080    -0.240    -0.004       0
     0.100    -0.240     0.005    1163
     0.120    -0.240     0.013    5964
     0.140    -0.240     0.015    6424
     0.160    -0.240     0.010    6660
     0.180    -0.240     0.005    5800
     0.200    -0.240     0.005    6132
     0.220    -0.240     0.004    5606
     0.240    -0.240     0.000    7143
     0.260    -0.240    -0.008    7013
     0.280    -0.240    -0.015    8930
     0.300    -0.240    -0.021    6702
     0.320    -0.240    -0.027    7792
     0.340    -0.240    -0.030    2609
    -0.340    -0.220     0.004    1568
    -0.320    -0.220     0.002    5450
    -0.300    -0.220     0.001    5402
    -0.280    -0.220     0.000    6058
    -0.260    -0.220    -0.000    5197
    -0.240    -0.220    -0.002    5916
    -0.220    -0.220    -0.002    4588
    -0.200    -0.220    -0.003    5749
    -0.180    -0.220     0.001    5699
    -0.160    -0.220     0.004    5789
    -0.140    -0.220     0.008    7189
    -0.120    -0.220     0.000    7201
    -0.100    -0.220    -0.006     777
    -0.080    -0.220    -0.010       0
    -0.060    -0.220    -0.012       0
    -0.040    -0.220    -0.015       0
    -0.020    -0.220    -0.015       0
     0.000    -0.220     0.000       0
     0.020    -0.220    -0.002       0
     0.040    -0.220    -0.002       0
     0.060    -0.220    -0.004       0
     0.080    -0.220    -0.007       0
     0.100    -0.220     0.003     719
     0.120    -0.220     0.013    7034
     0.140    -0.220     0.016    7257
     0.160    -0.220     0.012    6494
     0.180    -0.220     0.007    5958
     0.200    -0.220     0.005    6709
     0.220    -0.220     0.003    6728
     0.240    -0.220    -0.002    5854
     0.260    -0.220    -0.010    6854
     0.280    -0.220    -0.017    7455
     0.300    -0.220    -0.023    6787
     0.320    -0.220    -0.026    8717
     0.340    -0.220    -0.028    2406
    -0.340    -0.200     0.006    1340
    -0.320    -0.200     0.004    4421
    -0.300    -0.200     0.002    6679
    -0.280    -0.200     0.002    7163
    -0.260    -0.200     0.001    6554
    -0.240    -0.200     0.001    5556
    -0.220    -0.200     0.000    5378
    -0.200    -0.200     0.000    5477
    -0.180    -0.200     0.005    6310
    -0.160    -0.200     0.008    6749
    -0.140    -0.200     0.007    6692
    -0.120    -0.200     0.002    6318
    -0.100    -0.200    -0.004    1106
    -0.080    -0.200    -0.009       0
    -0.060    -0.200    -0.012       0
    -0.040    -0.200    -0.015       0
    -0.020    -0.200    -0.015       0
     0.000    -0.200    -0.000       0
     0.020    -0.200    -0.002       0
     0.040    -0.200    -0.002       0
     0.060    -0.200    -0.006       0
     0.080    -0.200    -0.009       0
     0.100    -0.200     0.001     803
     0.120    -0.200     0.013    6648
     0.140    -0.200     0.018    5875
     0.160    -0.200     0.013    6852
     0.180    -0.200     0.009    6030
     0.200    -0.200     0.006    6556
     0.220    -0.200     0.002    5901
     0.240    -0.200    -0.005    6356
     0.260    -0.200    -0.013    6429
     0.280    -0.200    -0.020    7920
     0.300    -0.200    -0.024    7339
     0.320    -0.200    -0.025    8655
     0.340    -0.200    -0.026    2578
    -0.340    -0.180     0.006    1878
    -0.320    -0.180     0.005    5744
    -0.300    -0.180     0.004    5718
    -0.280    -0.180     0.004    6985
    -0.260    -0.180     0.003    6221
    -0.240    -0.180     0.002    5572
    -0.220    -0.180     0.003    6342
    -0.200    -0.180     0.006    6908
    -0.180    -0.180     0.010    6505
    -0.160    -0.180     0.012    6153
    -0.140    -0.180     0.009    5688
    -0.120    -0.180     0.004    6742
    -0.100    -0.180    -0.000    1172
    -0.080    -0.180    -0.006       0
    -0.060    -0.180    -0.010       0
    -0.040    -0.180    -0.015       0
    -0.020    -0.180    -0.015       0
     0.000    -0.180    -0.000       0
     0.020    -0.180    -0.002       0
     0.040    -0.180    -0.002       0
     0.060    -0.180    -0.004       0
     0.080    -0.180    -0.005       0
     0.100    -0.180     0.003     774
     0.120    -0.180     0.013    7189
     0.140    -0.180     0.017    6623
     0.160    -0.180     0.013    6615
     0.180    -0.180     0.009    6071
     0.200    -0.180     0.006    6478
     0.220    -0.180     0.002    9114
     0.240    -0.180    -0.005    6625
     0.260    -0.180    -0.013    6620
     0.280    -0.180    -0.018    6618
     0.300    -0.180    -0.023    7338
     0.320    -0.180    -0.024    8709
     0.340    -0.180    -0.025    2387
    -0.340    -0.160     0.010    1431
    -0.320    -0.160     0.008    6300
    -0.300    -0.160     0.006    5917
    -0.280    -0.160     0.007    6726
    -0.260    -0.160     0.006    5415
    -0.240    -0.160     0.006    5401
    -0.220    -0.160     0.009    5747
    -0.200    -0.160     0.013    5997
    -0.180    -0.160     0.015    6022
    -0.160    -0.160     0.015    5426
    -0.140    -0.160     0.010    5434
    -0.120    -0.160     0.006    5366
    -0.100    -0.160     0.002    1157
    -0.080    -0.160    -0.004       0
    -0.060    -0.160    -0.009       0
    -0.040    -0.160    -0.015       0
    -0.020    -0.160    -0.015       0
     0.000    -0.160    -0.000       0
     0.020    -0.160    -0.002       0
     0.040    -0.160    -0.002       0
     0.060    -0.160    -0.002       0
     0.080    -0.160    -0.001       0
     0.100    -0.160     0.005     804
     0.120    -0.160     0.012    6862
     0.140    -0.160     0.014    6592
     0.160    -0.160     0.010    6305
     0.180    -0.160     0.007    6968
     0.200    -0.160     0.006    7327
     0.220    -0.160     0.002    6894
     0.240    -0.160    -0.004    8439
     0.260    -0.160    -0.011    6112
     0.280    -0.160    -0.017    7630
     0.300    -0.160    -0.022    6748
     0.320    -0.160    -0.024    7424
     0.340    -0.160    -0.025    3300
    -0.340    -0.140     0.009    1660
    -0.320    -0.140     0.008    7118
    -0.300    -0.140     0.008    5325
    -0.280    -0.140     0.010    6396
    -0.260    -0.140     0.009    5817
    -0.240    -0.140     0.010    6804
    -0.220    -0.140     0.014    6270
    -0.200    -0.140     0.019    5172
    -0.180    -0.140     0.018    6028
    -0.160    -0.140     0.017    5412
    -0.140    -0.140     0.012    5908
    -0.120    -0.140     0.010    5201
    -0.100    -0.140     0.008     692
    -0.080    -0.140     0.001       0
    -0.060    -0.140    -0.007       0
    -0.040    -0.140    -0.015       0
    -0.020    -0.140    -0.015       0
     0.000    -0.140    -0.000       0
     0.020    -0.140    -0.002       0
     0.040    -0.140    -0.002       0
     0.060    -0.140    -0.001       0
     0.080    -0.140     0.001       0
     0.100    -0.140     0.005     780
     0.120    -0.140     0.008    6840
     0.140    -0.140     0.010    5961
     0.160    -0.140     0.007    6076
     0.180    -0.140     0.004    6098
     0.200    -0.140     0.002    7299
     0.220    -0.140     0.001    6586
     0.240    -0.140    -0.004    7701
     0.260    -0.140    -0.010    7058
     0.280    -0.140    -0.016    7804
     0.300    -0.140    -0.022    7422
     0.320    -0.140    -0.025    7566
     0.340    -0.140    -0.028    2576
    -0.340    -0.120     0.006    1574
    -0.320    -0.120     0.005    6399
    -0.300    -0.120     0.003    6633
    -0.280    -0.120     0.005    6950
    -0.260    -0.120     0.002    4692
    -0.240    -0.120     0.002    6185
    -0.220    -0.120     0.005    6125
    -0.200    -0.120     0.011    4561
    -0.180    -0.120     0.013    5023
    -0.160    -0.120     0.014    5754
    -0.140    -0.120     0.010    5352
    -0.120    -0.120     0.008    5373
    -0.100    -0.120     0.005     958
    -0.080    -0.120    -0.001       0
    -0.060    -0.120    -0.008       0
    -0.040    -0.120    -0.015       0
    -0.020    -0.120    -0.015       0
     0.000    -0.120     0.000       0
     0.020    -0.120    -0.002       0
     0.040    -0.120    -0.002       0
     0.060    -0.120    -0.002       0
     0.080    -0.120    -0.004       0
     0.100    -0.120    -0.004     548
     0.120    -0.120    -0.002    6114
     0.140    -0.120     0.002    4947
     0.160    -0.120     0.003    5761
     0.180    -0.120     0.000    6683
     0.200    -0.120    -0.004    7245
     0.220    -0.120    -0.006    6825
     0.240    -0.120    -0.011    6865
     0.260    -0.120    -0.015    7483
     0.280    -0.120    -0.023    7517
     0.300    -0.120    -0.030    7650
     0.320    -0.120    -0.034    7200
     0.340    -0.120    -0.039    2195
    -0.340    -0.100     0.003     483
    -0.320    -0.100     0.001    1153
    -0.300    -0.100    -0.001    1704
    -0.280    -0.100    -0.003    1589
    -0.260    -0.100    -0.007    1160
    -0.240    -0.100    -0.009    1643
    -0.220    -0.100    -0.007    1297
    -0.200    -0.100     0.001    1506
    -0.180    -0.100     0.007    1494
    -0.160    -0.100     0.011    1412
    -0.140    -0.100     0.007    1736
    -0.120    -0.100     0.004    1500
    -0.100    -0.100    -0.001     372
    -0.080    -0.100    -0.006       0
    -0.060    -0.100    -0.011       0
    -0.040    -0.100    -0.015       0
    -0.020    -0.100    -0.015       0
     0.000    -0.100     0.000       0
     0.020    -0.100    -0.002       0
     0.040    -0.100    -0.002       0
     0.060    -0.100    -0.003       0
     0.080    -0.100    -0.008       0
     0.100    -0.100    -0.013      64
     0.120    -0.100    -0.012     931
     0.140    -0.100    -0.005    1165
     0.160    -0.100     0.000    1257
     0.180    -0.100    -0.004    1283
     0.200    -0.100    -0.011    1574
     0.220    -0.100    -0.014     950
     0.240    -0.100    -0.017     884
     0.260    -0.100    -0.020    1037
     0.280    -0.100    -0.030    1901
     0.300    -0.100    -0.037    1183
     0.320    -0.100    -0.044    1500
     0.340    -0.100    -0.050     550
    -0.340    -0.080    -0.004       0
    -0.320    -0.080    -0.006       0
    -0.300    -0.080    -0.009       0
    -0.280    -0.080    -0.011       0
    -0.260    -0.080    -0.016       0
    -0.240    -0.080    -0.018       0
    -0.220    -0.080    -0.017       0
    -0.200    -0.080    -0.010       0
    -0.180    -0.080    -0.003       0
    -0.160    -0.080     0.001       0
    -0.140    -0.080    -0.002       0
    -0.120    -0.080    -0.005       0
    -0.100    -0.080    -0.009       0
    -0.080    -0.080    -0.011       0
    -0.060    -0.080    -0.013       0
    -0.040    -0.080    -0.015       0
    -0.020    -0.080    -0.015       0
     0.000    -0.080     0.000       0
     0.020    -0.080    -0.002       0
     0.040    -0.080    -0.002       0
     0.060    -0.080    -0.002       0
     0.080    -0.080    -0.008       0
     0.100    -0.080    -0.014       0
     0.120    -0.080    -0.014       0
     0.140    -0.080    -0.008       0
     0.160    -0.080    -0.002       0
     0.180    -0.080    -0.005       0
     0.200    -0.080    -0.011       0
     0.220    -0.080    -0.014       0
     0.240    -0.080    -0.017       0
     0.260    -0.080    -0.018       0
     0.280    -0.080    -0.026       0
     0.300    -0.080    -0.030       0
     0.320    -0.080    -0.035       0
     0.340    -0.080    -0.040       0
    -0.340    -0.060    -0.009       0
    -0.320    -0.060    -0.010       0
    -0.300    -0.060    -0.012       0
    -0.280    -0.060    -0.013       0
    -0.260    -0.060    -0.015       0
    -0.240    -0.060    -0.016       0
    -0.220    -0.060    -0.016       0
    -0.200    -0.060    -0.012       0
    -0.180    -0.060    -0.009       0
    -0.160    -0.060    -0.007       0
    -0.140    -0.060    -0.008       0
    -0.120    -0.060    -0.010       0
    -0.100    -0.060    -0.013       0
    -0.080    -0.060    -0.014       0
    -0.060    -0.060    -0.015       0
    -0.040    -0.060    -0.015       0
    -0.020    -0.060    -0.015       0
     0.000    -0.060     0.000       0
     0.020    -0.060    -0.002       0
     0.040    -0.060    -0.002       0
     0.060    -0.060    -0.002       0
     0.080    -0.060    -0.005       0
     0.100    -0.060    -0.008       0
     0.120    -0.060    -0.008       0
     0.140    -0.060    -0.005       0
     0.160    -0.060    -0.002       0
     0.180    -0.060    -0.004       0
     0.200    -0.060    -0.006       0
     0.220    -0.060    -0.008       0
     0.240    -0.060    -0.009       0
     0.260    -0.060    -0.010       0
     0.280    -0.060    -0.014       0
     0.300    -0.060    -0.016       0
     0.320    -0.060    -0.019       0
     0.340    -0.060    -0.021       0
    -0.340    -0.040    -0.015       0
    -0.320    -0.040    -0.015       0
    -0.300    -0.040    -0.015       0
    -0.280    -0.040    -0.015       0
    -0.260    -0.040    -0.015       0
    -0.240    -0.040    -0.015       0
    -0.220    -0.040    -0.015       0
    -0.200    -0.040    -0.015       0
    -0.180    -0.040    -0.015       0
    -0.160    -0.040    -0.015       0
    -0.140    -0.040    -0.015       0
    -0.120    -0.040    -0.015       0
    -0.100    -0.040    -0.015       0
    -0.080    -0.040    -0.015       0
    -0.060    -0.040    -0.015       0
    -0.040    -0.040    -0.015       0
    -0.020    -0.040    -0.015       0
     0.000    -0.040     0.000       0
     0.020    -0.040    -0.002       0
     0.040    -0.040    -0.002       0
     0.060    -0.040    -0.002       0
     0.080    -0.040    -0.002       0
     0.100    -0.040    -0.002       0
     0.120    -0.040    -0.002       0
     0.140    -0.040    -0.002       0
     0.160    -0.040    -0.002       0
     0.180    -0.040    -0.002       0
     0.200    -0.040    -0.002       0
     0.220    -0.040    -0.002       0
     0.240    -0.040    -0.002       0
     0.260    -0.040    -0.002       0
     0.280    -0.040    -0.002       0
     0.300    -0.040    -0.002       0
     0.320    -0.040    -0.002       0
     0.340    -0.040    -0.002       0
    -0.340    -0.020    -0.015       0
    -0.320    -0.020    -0.015       0
    -0.300    -0.020    -0.015       0
    -0.280    -0.020    -0.015       0
    -0.260    -0.020    -0.015       0
    -0.240    -0.020    -0.015       0
    -0.220    -0.020    -0.015       0
    -0.200    -0.020    -0.015       0
    -0.180    -0.020    -0.015       0
    -0.160    -0.020    -0.015       0
    -0.140    -0.020    -0.015       0
    -0.120    -0.020    -0.015       0
    -0.100    -0.020    -0.015       0
    -0.080    -0.020    -0.015       0
    -0.060    -0.020    -0.015       0
    -0.040    -0.020    -0.015       0
    -0.020    -0.020    -0.015       0
     0.000    -0.020     0.000       0
     0.020    -0.020    -0.002       0
     0.040    -0.020    -0.002       0
     0.060    -0.020    -0.002       0
     0.080    -0.020    -0.002       0
     0.100    -0.020    -0.002       0
     0.120    -0.020    -0.002       0
     0.140    -0.020    -0.002       0
     0.160    -0.020    -0.002       0
     0.180    -0.020    -0.002       0
     0.200    -0.020    -0.002       0
     0.220    -0.020    -0.002       0
     0.240    -0.020    -0.002       0
     0.260    -0.020    -0.002       0
     0.280    -0.020    -0.002       0
     0.300    -0.020    -0.002       0
     0.320    -0.020    -0.002       0
     0.340    -0.020    -0.002       0
    -0.340     0.000    -0.000       0
    -0.320     0.000     0.000       0
    -0.300     0.000     0.000       0
    -0.280     0.000    -0.000       0
    -0.260     0.000    -0.000       0
    -0.240     0.000    -0.000       0
    -0.220     0.000     0.000       0
    -0.200     0.000     0.000       0
    -0.180     0.000    -0.000       0
    -0.160     0.000     0.000       0
    -0.140     0.000    -0.000       0
    -0.120     0.000     0.000       0
    -0.100     0.000    -0.000       0
    -0.080     0.000    -0.000       0
    -0.060     0.000     0.000       0
    -0.040     0.000     0.000       0
    -0.020     0.000     0.000       0
     0.000     0.000     0.000       0
     0.020     0.000     0.000       0
     0.040     0.000     0.000       0
     0.060     0.000     0.000       0
     0.080     0.000    -0.000       0
     0.100     0.000     0.000       0
     0.120     0.000     0.000       0
     0.140     0.000     0.000       0
     0.160     0.000    -0.000       0
     0.180     0.000     0.000       0
     0.200     0.000    -0.000       0
     0.220     0.000     0.000       0
     0.240     0.000     0.000       0
     0.260     0.000     0.000       0
     0.280     0.000     0.000       0
     0.300     0.000     0.000       0
     0.320     0.000     0.000       0
     0.340     0.000     0.000       0
    -0.340     0.020    -0.005       0
    -0.320     0.020    -0.005       0
    -0.300     0.020    -0.005       0
    -0.280     0.020    -0.005       0
    -0.260     0.020    -0.005       0
    -0.240     0.020    -0.005       0
    -0.220     0.020    -0.005       0
    -0.200     0.020    -0.005       0
    -0.180     0.020    -0.005       0
    -0.160     0.020    -0.005       0
    -0.140     0.020    -0.005       0
    -0.120     0.020    -0.005       0
    -0.100     0.020    -0.005       0
    -0.080     0.020    -0.005       0
    -0.060     0.020    -0.005       0
    -0.040     0.020    -0.005       0
    -0.020     0.020    -0.005       0
     0.000     0.020     0.000       0
     0.020     0.020     0.022       0
     0.040     0.020     0.022       0
     0.060     0.020     0.022       0
     0.080     0.020     0.022       0
     0.100     0.020     0.022       0
     0.120     0.020     0.022       0
     0.140     0.020     0.022       0
     0.160     0.020     0.022       0
     0.180     0.020     0.022       0
     0.200     0.020     0.022       0
     0.220     0.020     0.022       0
     0.240     0.020     0.022       0
     0.260     0.020     0.022       0
     0.280     0.020     0.022       0
     0.300     0.020     0.022       0
     0.320     0.020     0.022       0
     0.340     0.020     0.022       0
    -0.340     0.040    -0.005       0
    -0.320     0.040    -0.005       0
    -0.300     0.040    -0.005       0
    -0.280     0.040    -0.005       0
    -0.260     0.040    -0.005       0
    -0.240     0.040    -0.005       0
    -0.220     0.040    -0.005       0
    -0.200     0.040    -0.005       0
    -0.180     0.040    -0.005       0
    -0.160     0.040    -0.005       0
    -0.140     0.040    -0.005       0
    -0.120     0.040    -0.005       0
    -0.100     0.040    -0.005       0
    -0.080     0.040    -0.005       0
    -0.060     0.040    -0.005       0
    -0.040     0.040    -0.005       0
    -0.020     0.040    -0.005       0
     0.000     0.040     0.000       0
     0.020     0.040     0.022       0
     0.040     0.040     0.022       0
     0.060     0.040     0.022       0
     0.080     0.040     0.022       0
     0.100     0.040     0.022       0
     0.120     0.040     0.022       0
     0.140     0.040     0.022       0
     0.160     0.040     0.022       0
     0.180     0.040     0.022       0
     0.200     0.040     0.022       0
     0.220     0.040     0.022       0
     0.240     0.040     0.022       0
     0.260     0.040     0.022       0
     0.280     0.040     0.022       0
     0.300     0.040     0.022       0
     0.320     0.040     0.022       0
     0.340     0.040     0.022       0
    -0.340     0.060     0.019       0
    -0.320     0.060     0.020       0
    -0.300     0.060     0.021       0
    -0.280     0.060     0.019       0
    -0.260     0.060     0.016       0
    -0.240     0.060     0.009       0
    -0.220     0.060     0.004       0
    -0.200     0.060    -0.003       0
    -0.180     0.060    -0.006       0
    -0.160     0.060    -0.009       0
    -0.140     0.060    -0.008       0
    -0.120     0.060    -0.007       0
    -0.100     0.060    -0.006       0
    -0.080     0.060    -0.005       0
    -0.060     0.060    -0.005       0
    -0.040     0.060    -0.005       0
    -0.020     0.060    -0.005       0
     0.000     0.060    -0.000       0
     0.020     0.060     0.022       0
     0.040     0.060     0.022       0
     0.060     0.060     0.022       0
     0.080     0.060     0.023       0
     0.100     0.060     0.025       0
     0.120     0.060     0.025       0
     0.140     0.060     0.022       0
     0.160     0.060     0.019       0
     0.180     0.060     0.018       0
     0.200     0.060     0.016       0
     0.220     0.060     0.013       0
     0.240     0.060     0.010       0
     0.260     0.060     0.008       0
     0.280     0.060     0.007       0
     0.300     0.060     0.007       0
     0.320     0.060     0.006       0
     0.340     0.060     0.006       0
    -0.340     0.080     0.043       0
    -0.320     0.080     0.045       0
    -0.300     0.080     0.047       0
    -0.280     0.080     0.044       0
    -0.260     0.080     0.037       0
    -0.240     0.080     0.024       0
    -0.220     0.080     0.014       0
    -0.200     0.080     0.000       0
    -0.180     0.080    -0.007       0
    -0.160     0.080    -0.013       0
    -0.140     0.080    -0.011       0
    -0.120     0.080    -0.008       0
    -0.100     0.080    -0.006       0
    -0.080     0.080    -0.005       0
    -0.060     0.080    -0.005       0
    -0.040     0.080    -0.005       0
    -0.020     0.080    -0.005       0
     0.000     0.080    -0.000       0
     0.020     0.080     0.022       0
     0.040     0.080     0.022       0
     0.060     0.080     0.022       0
     0.080     0.080     0.025       0
     0.100     0.080     0.028       0
     0.120     0.080     0.027       0
     0.140     0.080     0.022       0
     0.160     0.080     0.017       0
     0.180     0.080     0.014       0
     0.200     0.080     0.010       0
     0.220     0.080     0.004       0
     0.240     0.080    -0.002       0
     0.260     0.080    -0.006       0
     0.280     0.080    -0.008       0
     0.300     0.080    -0.008       0
     0.320     0.080    -0.009       0
     0.340     0.080    -0.010       0
    -0.340     0.100     0.061      40
    -0.320     0.100     0.064     552
    -0.300     0.100     0.067     487
    -0.280     0.100     0.065     649
    -0.260     0.100     0.057     990
    -0.240     0.100     0.038     583
    -0.220     0.100     0.024     830
    -0.200     0.100     0.007     420
    -0.180     0.100    -0.001     675
    -0.160     0.100    -0.004     591
    -0.140     0.100     0.001     826
    -0.120     0.100     0.003     882
    -0.100     0.100     0.001      80
    -0.080     0.100    -0.003       0
    -0.060     0.100    -0.004       0
    -0.040     0.100    -0.005       0
    -0.020     0.100    -0.005       0
     0.000     0.100    -0.000       0
     0.020     0.100     0.022       0
     0.040     0.100     0.022       0
     0.060     0.100     0.024       0
     0.080     0.100     0.029       0
     0.100     0.100     0.033      28
     0.120     0.100     0.030    1440
     0.140     0.100     0.024    1361
     0.160     0.100     0.018    1277
     0.180     0.100     0.014    1665
     0.200     0.100     0.009    1246
     0.220     0.100     0.000     990
     0.240     0.100    -0.007    1262
     0.260     0.100    -0.012    1163
     0.280     0.100    -0.014    1153
     0.300     0.100    -0.016    1240
     0.320     0.100    -0.020    1475
     0.340     0.100    -0.023     532
    -0.340     0.120     0.053    1488
    -0.320     0.120     0.055    7448
    -0.300     0.120     0.056    6937
    -0.280     0.120     0.055    7710
    -0.260     0.120     0.049    6452
    -0.240     0.120     0.036    6012
    -0.220     0.120     0.023    6846
    -0.200     0.120     0.011    5373
    -0.180     0.120     0.006    6229
    -0.160     0.120     0.009    7068
    -0.140     0.120     0.017    8242
    -0.120     0.120     0.016    7783
    -0.100     0.120     0.011    2252
    -0.080     0.120     0.003       0
    -0.060     0.120    -0.001       0
    -0.040     0.120    -0.005       0
    -0.020     0.120    -0.005       0
     0.000     0.120    -0.000       0
     0.020     0.120     0.022       0
     0.040     0.120     0.022       0
     0.060     0.120     0.019       0
     0.080     0.120     0.019       0
     0.100     0.120     0.021     312
     0.120     0.120     0.024    7352
     0.140     0.120     0.026    6946
     0.160     0.120     0.022    5872
     0.180     0.120     0.018    5439
     0.200     0.120     0.014    5719
     0.220     0.120     0.006    6612
     0.240     0.120    -0.000    6653
     0.260     0.120    -0.004    5842
     0.280     0.120    -0.006    6387
     0.300     0.120    -0.009    6334
     0.320     0.120    -0.014    6319
     0.340     0.120    -0.018    2360
    -0.340     0.140     0.039    1338
    -0.320     0.140     0.040    7187
    -0.300     0.140     0.042    6914
    -0.280     0.140     0.040    6418
    -0.260     0.140     0.036    6407
    -0.240     0.140     0.027    6132
    -0.220     0.140     0.018    6563
    -0.200     0.140     0.012    5499
    -0.180     0.140     0.012    5145
    -0.160     0.140     0.021    7461
    -0.140     0.140     0.029    6488
    -0.120     0.140     0.028    6272
    -0.100     0.140     0.020    2315
    -0.080     0.140     0.009       0
    -0.060     0.140     0.002       0
    -0.040     0.140    -0.005       0
    -0.020     0.140    -0.005       0
     0.000     0.140    -0.000       0
     0.020     0.140     0.022       0
     0.040     0.140     0.022       0
     0.060     0.140     0.021       0
     0.080     0.140     0.021       0
     0.100     0.140     0.022     516
     0.120     0.140     0.025    6284
     0.140     0.140     0.026    6674
     0.160     0.140     0.022    6498
     0.180     0.140     0.018    7179
     0.200     0.140     0.014    6408
     0.220     0.140     0.008    5817
     0.240     0.140     0.005    6989
     0.260     0.140     0.002    7634
     0.280     0.140     0.001    7206
     0.300     0.140    -0.002    7261
     0.320     0.140    -0.007    6781
     0.340     0.140    -0.012    2730
    -0.340     0.160     0.023     949
    -0.320     0.160     0.022    6208
    -0.300     0.160     0.021    6431
    -0.280     0.160     0.019    7895
    -0.260     0.160     0.016    6348
    -0.240     0.160     0.013    5967
    -0.220     0.160     0.010    5474
    -0.200     0.160     0.009    7539
    -0.180     0.160     0.010    7505
    -0.160     0.160     0.018    5912
    -0.140     0.160     0.026    5824
    -0.120     0.160     0.026    7161
    -0.100     0.160     0.022    2186
    -0.080     0.160     0.013       0
    -0.060     0.160     0.004       0
    -0.040     0.160    -0.005       0
    -0.020     0.160    -0.005       0
     0.000     0.160    -0.000       0
     0.020     0.160     0.022       0
     0.040     0.160     0.022       0
     0.060     0.160     0.021       0
     0.080     0.160     0.019       0
     0.100     0.160     0.021     136
     0.120     0.160     0.024    6540
     0.140     0.160     0.024    6648
     0.160     0.160     0.018    6616
     0.180     0.160     0.013    6018
     0.200     0.160     0.010    6288
     0.220     0.160     0.004    5738
     0.240     0.160     0.002    6177
     0.260     0.160    -0.000    6752
     0.280     0.160    -0.001    5270
     0.300     0.160    -0.004    5547
     0.320     0.160    -0.007    6678
     0.340     0.160    -0.010    2170
    -0.340     0.180     0.007    1533
    -0.320     0.180     0.005    4917
    -0.300     0.180     0.003    5945
    -0.280     0.180     0.001    6764
    -0.260     0.180     0.000    5600
    -0.240     0.180    -0.001    6519
    -0.220     0.180    -0.000    5290
    -0.200     0.180     0.002    6556
    -0.180     0.180     0.006    6147
    -0.160     0.180     0.015    7334
    -0.140     0.180     0.022    6667
    -0.120     0.180     0.023    6676
    -0.100     0.180     0.020    2304
    -0.080     0.180     0.011       0
    -0.060     0.180     0.003       0
    -0.040     0.180    -0.005       0
    -0.020     0.180    -0.005       0
     0.000     0.180    -0.000       0
     0.020     0.180     0.022       0
     0.040     0.180     0.022       0
     0.060     0.180     0.026       0
     0.080     0.180     0.030       0
     0.100     0.180     0.033     379
     0.120     0.180     0.029    7222
     0.140     0.180     0.022    6368
     0.160     0.180     0.014    6888
     0.180     0.180     0.008    6640
     0.200     0.180     0.005    6104
     0.220     0.180     0.000    7304
     0.240     0.180    -0.003    5419
     0.260     0.180    -0.004    6425
     0.280     0.180    -0.004    7437
     0.300     0.180    -0.007    7522
     0.320     0.180    -0.010    7345
     0.340     0.180    -0.014    2591
    -0.340     0.200    -0.003    1533
    -0.320     0.200    -0.007    5173
    -0.300     0.200    -0.011    5616
    -0.280     0.200    -0.012    6829
    -0.260     0.200    -0.010    5954
    -0.240     0.200    -0.010    5749
    -0.220     0.200    -0.009    4829
    -0.200     0.200    -0.005    5514
    -0.180     0.200    -0.001    6388
    -0.160     0.200     0.007    5866
    -0.140     0.200     0.015    7316
    -0.120     0.200     0.018    6689
    -0.100     0.200     0.017    2558
    -0.080     0.200     0.009       0
    -0.060     0.200     0.002       0
    -0.040     0.200    -0.005       0
    -0.020     0.200    -0.005       0
     0.000     0.200    -0.000       0
     0.020     0.200     0.022       0
     0.040     0.200     0.022       0
     0.060     0.200     0.025       0
     0.080     0.200     0.028       0
     0.100     0.200     0.032     464
     0.120     0.200     0.028    5685
     0.140     0.200     0.021    6420
     0.160     0.200     0.014    7058
     0.180     0.200     0.007    5319
     0.200     0.200     0.005    5846
     0.220     0.200    -0.000    6312
     0.240     0.200    -0.005    5992
     0.260     0.200    -0.005    6108
     0.280     0.200    -0.008    5505
     0.300     0.200    -0.011    7307
     0.320     0.200    -0.015    6788
     0.340     0.200    -0.019    2074
    -0.340     0.220     0.003    1260
    -0.320     0.220    -0.003    5442
    -0.300     0.220    -0.008    6348
    -0.280     0.220    -0.011    6337
    -0.260     0.220    -0.012    5291
    -0.240     0.220    -0.014    6008
    -0.220     0.220    -0.015    6098
    -0.200     0.220    -0.012    4452
    -0.180     0.220    -0.008    5294
    -0.160     0.220     0.000    6069
    -0.140     0.220     0.006    6336
    -0.120     0.220     0.011    5480
    -0.100     0.220     0.012    1513
    -0.080     0.220     0.007       0
    -0.060     0.220     0.001       0
    -0.040     0.220    -0.005       0
    -0.020     0.220    -0.005       0
     0.000     0.220    -0.000       0
     0.020     0.220     0.022       0
     0.040     0.220     0.022       0
     0.060     0.220     0.020       0
     0.080     0.220     0.018       0
     0.100     0.220     0.020     294
     0.120     0.220     0.022    5588
     0.140     0.220     0.020    6190
     0.160     0.220     0.012    5683
     0.180     0.220     0.006    6275
     0.200     0.220     0.005    6532
     0.220     0.220    -0.000    5556
     0.240     0.220    -0.006    6720
     0.260     0.220    -0.007    7483
     0.280     0.220    -0.011    5895
     0.300     0.220    -0.016    4712
     0.320     0.220    -0.021    5785
     0.340     0.220    -0.026    2166
    -0.340     0.240     0.009    1384
    -0.320     0.240     0.003    4693
    -0.300     0.240    -0.003    5325
    -0.280     0.240    -0.008    6297
    -0.260     0.240    -0.012    4723
    -0.240     0.240    -0.018    5885
    -0.220     0.240    -0.019    5666
    -0.200     0.240    -0.016    6267
    -0.180     0.240    -0.011    5318
    -0.160     0.240    -0.006    7389
    -0.140     0.240    -0.002    6089
    -0.120     0.240     0.003    5396
    -0.100     0.240     0.006    2245
    -0.080     0.240     0.003       0
    -0.060     0.240    -0.001       0
    -0.040     0.240    -0.005       0
    -0.020     0.240    -0.005       0
     0.000     0.240    -0.000       0
     0.020     0.240     0.022       0
     0.040     0.240     0.022       0
     0.060     0.240     0.016       0
     0.080     0.240     0.010       0
     0.100     0.240     0.010     224
     0.120     0.240     0.015    6667
     0.140     0.240     0.017    7250
     0.160     0.240     0.011    6397
     0.180     0.240     0.006    7047
     0.200     0.240     0.005    6301
     0.220     0.240     0.001    5992
     0.240     0.240    -0.005    5818
     0.260     0.240    -0.008    5453
     0.280     0.240    -0.014    6523
     0.300     0.240    -0.020    5251
     0.320     0.240    -0.023    5235
     0.340     0.240    -0.029    2052
    -0.340     0.260     0.012     844
    -0.320     0.260     0.006    5148
    -0.300     0.260    -0.001    5215
    -0.280     0.260    -0.008    6557
    -0.260     0.260    -0.015    5204
    -0.240     0.260    -0.019    5963
    -0.220     0.260    -0.019    5745
    -0.200     0.260    -0.015    4974
    -0.180     0.260    -0.010    5369
    -0.160     0.260    -0.006    5743
    -0.140     0.260    -0.004    4886
    -0.120     0.260    -0.002    6683
    -0.100     0.260     0.001    1116
    -0.080     0.260    -0.000       0
    -0.060     0.260    -0.003       0
    -0.040     0.260    -0.005       0
    -0.020     0.260    -0.005       0
     0.000     0.260    -0.000       0
     0.020     0.260     0.022       0
     0.040     0.260     0.022       0
     0.060     0.260     0.012       0
     0.080     0.260     0.002       0
     0.100     0.260    -0.001     353
     0.120     0.260     0.008    6045
     0.140     0.260     0.015    6008
     0.160     0.260     0.010    4670
     0.180     0.260     0.007    6218
     0.200     0.260     0.005    6572
     0.220     0.260     0.000    6162
     0.240     0.260    -0.004    6158
     0.260     0.260    -0.009    6198
     0.280     0.260    -0.015    6179
     0.300     0.260    -0.022    6532
     0.320     0.260    -0.027    6665
     0.340     0.260    -0.033    1943
    -0.340     0.280     0.001    1370
    -0.320     0.280    -0.004    6404
    -0.300     0.280    -0.009    5629
    -0.280     0.280    -0.011    5766
    -0.260     0.280    -0.018    5922
    -0.240     0.280    -0.021    5280
    -0.220     0.280    -0.018    5444
    -0.200     0.280    -0.013    5467
    -0.180     0.280    -0.007    5928
    -0.160     0.280    -0.006    5925
    -0.140     0.280    -0.003    5022
    -0.120     0.280    -0.004    4722
    -0.100     0.280    -0.007    1772
    -0.080     0.280    -0.008       0
    -0.060     0.280    -0.006       0
    -0.040     0.280    -0.005       0
    -0.020     0.280    -0.005       0
     0.000     0.280    -0.000       0
     0.020     0.280     0.022       0
     0.040     0.280     0.022       0
     0.060     0.280     0.013       0
     0.080     0.280     0.004       0
     0.100     0.280     0.000     469
     0.120     0.280     0.007    5638
     0.140     0.280     0.013    7155
     0.160     0.280     0.011    6176
     0.180     0.280     0.007    5221
     0.200     0.280     0.003    5483
     0.220     0.280    -0.001    5514
     0.240     0.280    -0.004    5487
     0.260     0.280    -0.009    5301
     0.280     0.280    -0.014    5947
     0.300     0.280    -0.022    5840
     0.320     0.280    -0.029    5063
     0.340     0.280    -0.036    1324
    -0.340     0.300    -0.015    1111
    -0.320     0.300    -0.016    5665
    -0.300     0.300    -0.017    4940
    -0.280     0.300    -0.018    5804
    -0.260     0.300    -0.022    6148
    -0.240     0.300    -0.023    5498
    -0.220     0.300    -0.017    5091
    -0.200     0.300    -0.010    5470
    -0.180     0.300    -0.004    5166
    -0.160     0.300    -0.002    5759
    -0.140     0.300     0.001    6256
    -0.120     0.300    -0.004    5941
    -0.100     0.300    -0.012    1960
    -0.080     0.300    -0.014       0
    -0.060     0.300    -0.010       0
    -0.040     0.300    -0.005       0
    -0.020     0.300    -0.005       0
     0.000     0.300     0.000       0
     0.020     0.300     0.022       0
     0.040     0.300     0.022       0
     0.060     0.300     0.014       0
     0.080     0.300     0.007       0
     0.100     0.300     0.002     313
     0.120     0.300     0.007    5914
     0.140     0.300     0.012    6709
     0.160     0.300     0.009    7238
     0.180     0.300     0.005    6238
     0.200     0.300     0.002    6008
     0.220     0.300    -0.001    4899
     0.240     0.300    -0.003    5766
     0.260     0.300    -0.009    5257
     0.280     0.300    -0.015    6253
     0.300     0.300    -0.023    5549
     0.320     0.300    -0.031    6264
     0.340     0.300    -0.039    2028
    -0.340     0.320    -0.033    1329
    -0.320     0.320    -0.030    5174
    -0.300     0.320    -0.027    5632
    -0.280     0.320    -0.026    5109
    -0.260     0.320    -0.027    5731
    -0.240     0.320    -0.022    5549
    -0.220     0.320    -0.015    4882
    -0.200     0.320    -0.006    5264
    -0.180     0.320     0.001    5649
    -0.160     0.320     0.003    5018
    -0.140     0.320     0.006    5207
    -0.120     0.320    -0.004    6964
    -0.100     0.320    -0.018    1611
    -0.080     0.320    -0.022       0
    -0.060     0.320    -0.014       0
    -0.040     0.320    -0.005       0
    -0.020     0.320    -0.005       0
     0.000     0.320    -0.000       0
     0.020     0.320     0.022       0
     0.040     0.320     0.022       0
     0.060     0.320     0.016       0
     0.080     0.320     0.010       0
     0.100     0.320     0.004     279
     0.120     0.320     0.007    6844
     0.140     0.320     0.008    6278
     0.160     0.320     0.004    7626
     0.180     0.320     0.001    5862
     0.200     0.320     0.000    6764
     0.220     0.320    -0.001    5616
     0.240     0.320    -0.003    5707
     0.260     0.320    -0.010    6035
     0.280     0.320    -0.015    4939
     0.300     0.320    -0.024    5557
     0.320     0.320    -0.030    5076
     0.340     0.320    -0.038    1293
    -0.340     0.340    -0.052     450
    -0.320     0.340    -0.043    2320
    -0.300     0.340    -0.035    2111
    -0.280     0.340    -0.033    2398
    -0.260     0.340    -0.032    1267
    -0.240     0.340    -0.022    1389
    -0.220     0.340    -0.013    1840
    -0.200     0.340    -0.001    2061
    -0.180     0.340     0.005    1998
    -0.160     0.340     0.008    1787
    -0.140     0.340     0.011    1434
    -0.120     0.340    -0.004    2616
    -0.100     0.340    -0.025     576
    -0.080     0.340    -0.031       0
    -0.060     0.340    -0.018       0
    -0.040     0.340    -0.005       0
    -0.020     0.340    -0.005       0
     0.000     0.340    -0.000       0
     0.020     0.340     0.022       0
     0.040     0.340     0.022       0
     0.060     0.340     0.018       0
     0.080     0.340     0.015       0
     0.100     0.340     0.007      59
     0.120     0.340     0.008    1547
     0.140     0.340     0.005    1697
     0.160     0.340    -0.001    1801
     0.180     0.340    -0.003    1821
     0.200     0.340    -0.002    1596
     0.220     0.340    -0.000    1495
     0.240     0.340    -0.003    2067
     0.260     0.340    -0.010    1457
     0.280     0.340    -0.016    1978
     0.300     0.340    -0.025    1102
     0.320     0.340    -0.030     984
     0.340     0.340    -0.037     136
